10
6
3 -61
6 -38
9 41
17 -50
18 -89
20 -31
10
0 -34
2 -91
3 -90
6 -42
7 -53
9 43
11 -31
15 -89
16 -27
17 -41
10
2 -46
5 -58
7 -45
9 -63
13 -23
18 4
20 -44
22 17
23 -27
25 -19
9
1 -27
4 -23
7 -11
9 -52
11 -19
12 -15
15 43
18 -4
20 -44
9
0 45
3 -34
5 -24
8 -44
9 -36
12 -8
18 -8
21 -57
22 -74
8
1 -38
4 -45
5 -41
9 -20
11 -86
14 -11
15 -61
25 -66
8
1 -70
3 -41
4 7
10 -55
12 -16
17 -29
19 -40
26 -38
11
0 18
3 -45
6 -57
7 -40
9 47
11 4
12 42
15 -38
18 2
20 -34
22 -37
8
1 -66
6 -106
7 -18
8 -63
10 2
13 -55
16 -18
20 -70
7
2 -10
9 -50
11 4
16 -32
20 -23
22 -17
25 -54
10
11
0 49
3 54
4 29
6 47
7 24
8 19
12 45
14 -42
17 50
18 63
20 31
10
0 59
2 62
3 57
5 -39
6 42
7 56
11 31
12 -6
15 69
16 65
9
2 46
5 39
9 63
12 17
13 25
15 40
20 45
23 31
25 29
7
4 70
6 36
9 52
18 40
19 32
20 44
21 49
7
7 -34
8 37
9 50
13 -33
16 -12
21 57
22 74
10
4 64
5 32
8 43
9 33
11 48
15 61
18 17
20 43
23 -15
25 66
10
1 70
3 41
4 39
7 2
10 46
14 -9
19 73
22 1
23 9
26 66
5
3 44
5 36
6 57
7 40
15 74
11
0 -50
1 66
3 -47
4 49
6 57
7 49
8 63
10 31
13 32
19 8
20 58
10
2 45
4 -14
7 -12
9 50
11 26
13 2
15 18
17 -37
22 35
25 54
5
-1
21
-33
40
42
