0 1265 
0 1416 
0 1837 73 6751 
0 2489 8 1497 
0 2991 
0 3826 52 1848 
0 3953 
0 5251 
0 5602 
0 6968 
0 8848 
0 9790 
0 9835 
0 10283 
0 10467 
0 12509 2 173 94 12621 
0 12510 
0 12511 69 4683 
0 12513 
0 12515 
1 587 
1 1375 
1 1635 
1 2256 
1 2606 
1 3399 43 135 
1 3403 24 12030 
1 4643 
1 5507 
1 6345 
1 9074 80 3753 
1 9104 19 8738 
1 10858 
1 11042 
1 11175 
1 12744 
1 12748 
1 12752 
1 12753 
1 12754 
0 12509 2 173 94 12621 
2 192 
2 1227 
2 1741 
2 3234 
2 3969 
2 4539 
2 5084 
2 6884 
2 7865 59 12476 93 4569 
2 7961 
2 11367 
2 11508 
2 12475 
2 12478 
2 12481 
2 12483 
2 12487 
2 12490 
2 12494 59 8463 
3 2861 
3 4888 
3 5182 
3 5680 88 3479 
3 5779 33 7939 
3 6004 
3 6066 
3 6810 
3 8420 
3 8759 
3 9038 
3 10604 
3 11512 
3 11572 70 3336 
3 11992 
3 12169 77 2519 
3 12591 
3 12593 40 615 
3 12596 
3 12600 
4 492 19 7341 
4 2203 
4 3748 
4 3960 
4 4260 
4 5162 
4 5297 
4 5497 23 9263 
4 6405 
4 6580 
4 9308 
4 9409 91 8800 
4 10399 
4 12457 
4 12461 
4 12462 82 2414 
4 12465 6 3415 
4 12466 
4 12468 
4 12472 
5 519 
5 568 
5 845 43 6694 
5 1860 
5 4793 7 11356 
5 5072 
5 5268 51 8705 
5 6580 47 12528 
5 6708 
5 7068 
5 7643 
5 7729 
5 8027 
5 8055 
5 8154 
5 8234 
5 8803 62 6571 
5 9136 
5 9390 61 6216 
5 9572 
6 253 
6 516 
6 824 
6 1205 
6 1317 
6 1362 32 1475 
6 3244 
4 12465 6 3415 
6 3752 
6 4089 73 8390 
6 4778 
6 5705 
6 6077 73 3044 
6 6902 
6 7146 
6 8519 
6 9056 
6 9157 
6 9430 
6 10290 
7 893 
7 1174 
7 2074 
7 2695 
7 6069 
7 6111 
7 6439 
7 6703 
7 7197 
7 7248 
7 7702 
7 8300 
7 10938 
7 11016 
5 4793 7 11356 
7 11686 
7 12082 
7 12559 
7 12561 
7 12563 
8 424 43 9793 
8 1463 
8 1466 
0 2489 8 1497 
8 1645 
8 2218 47 7120 
8 2401 57 5925 
8 2644 54 4872 
8 4225 
8 4934 
8 5688 
8 7254 
8 7593 9 4714 53 9977 80 5036 
8 7722 
8 7765 
8 8294 
8 9157 
8 10145 56 2206 
8 10601 
8 10900 
9 685 42 5822 
9 2354 88 1378 
9 2811 
9 2922 
9 2982 
9 3926 
9 4550 
8 7593 9 4714 53 9977 80 5036 
9 4881 
9 5254 
9 5279 
9 7196 
9 8935 
9 9079 
9 9343 
9 9999 84 12564 
9 10861 
9 11327 
9 11416 
9 12324 
10 42 
10 705 
10 1325 
10 4749 15 4059 
10 5023 
10 5088 
10 5329 
10 5642 
10 6148 
10 6758 
10 7306 
10 7782 
10 8008 31 4555 
10 8234 47 662 
10 8439 42 3007 
10 10011 
10 10684 
10 11944 
10 12040 
10 12119 17 9387 
11 619 
11 636 
11 1069 
11 1920 61 922 
11 2266 
11 3441 
11 4772 
11 4931 52 3108 
11 5279 
11 5310 
11 7019 
11 8871 
11 10089 
11 11205 90 8208 
11 12010 
11 12073 
11 12439 29 10929 
11 12443 
11 12445 
11 12447 
12 287 
12 339 
12 972 
12 1352 40 3983 
12 1634 
12 2054 28 2109 
12 2913 
12 2996 
12 3431 
12 4945 
12 6694 
12 7181 
12 8104 37 8030 
12 8757 63 471 
12 10544 
12 10674 
12 11028 
12 11509 
12 11636 
12 11809 54 8811 
13 195 
13 457 
13 599 
13 770 
13 1374 
13 2127 
13 2217 
13 2400 
13 4106 
13 4162 
13 4271 
13 4284 
13 4730 
13 4998 
13 5320 
13 5899 
13 6349 
13 6479 
13 6545 
13 7111 61 7702 
14 1201 
14 1458 
14 1562 
14 2946 
14 2968 81 3851 
14 3274 
14 3424 50 8256 
14 3463 
14 3967 36 6334 
14 4283 74 177 
14 4389 27 1653 
14 5576 
14 6784 
14 8314 
14 8976 
14 9178 
14 9599 98 5629 
14 10618 
14 10732 
14 12280 
15 3662 
15 3836 
10 4749 15 4059 
15 4375 
15 4405 
15 5185 
15 5292 
15 5343 
15 5820 
15 6134 
15 6470 
15 6668 
15 7602 
15 8904 
15 8931 30 3678 65 11715 
15 8947 98 6166 
15 9322 
15 9510 
15 10019 
15 10521 
16 999 
16 1430 69 12629 
16 1780 
16 2108 
16 2765 
16 2949 98 5804 
16 3227 
16 3498 
16 3882 
16 4074 
16 4217 
16 4976 21 2668 
16 8646 
16 8792 
16 8808 
16 8936 
16 9219 
16 9289 
16 9493 
16 11349 
17 112 
17 152 
17 1133 46 234 
17 1344 
17 1667 
17 2251 
17 2650 
17 3081 20 5473 53 10664 
17 3521 
17 3687 
17 5166 
17 5765 
17 5850 
17 7620 
17 7774 
17 9131 
17 9198 
10 12119 17 9387 
17 9456 
17 9599 
18 574 
18 1563 
18 2083 
18 2256 
18 2352 92 11228 
18 2485 
18 3350 36 8769 
18 3436 
18 3988 
18 5019 
18 5137 
18 5143 20 9992 
18 5232 
18 5681 47 3506 
18 5839 
18 6244 82 6684 
18 6587 96 2542 
18 6848 21 876 
18 6937 75 7767 
18 7168 
19 483 
19 779 
19 995 
19 2156 
19 2969 
19 2983 
19 3888 
19 4073 47 12526 
19 4895 
19 5617 
19 6522 
4 492 19 7341 
19 8098 
19 8327 
19 8484 
1 9104 19 8738 
19 9293 
19 10122 
19 10665 
19 10873 
20 1681 
20 1931 50 10586 
20 2220 
20 2405 86 3375 
20 2774 
20 2802 
20 4026 
20 4490 
20 4525 
20 5341 
17 3081 20 5473 53 10664 
20 6051 
20 6813 
20 8216 
20 8726 
20 8938 
20 9628 
20 9715 
18 5143 20 9992 
20 11680 
21 494 
18 6848 21 876 
21 1922 
21 2573 97 2054 
16 4976 21 2668 
21 2843 
21 2865 
21 3585 
21 3804 
21 4305 37 2931 
21 5342 
21 5646 
21 6004 
21 7186 
21 7259 
21 8678 
21 8902 
21 9919 
21 10130 
21 11441 
22 71 75 3156 
22 1017 
22 1039 
22 1869 
22 2576 
22 2931 74 10986 
22 3214 
22 5304 
22 6221 
22 8221 73 2682 
22 8276 
22 8699 
22 9118 
22 9201 
22 10100 
22 10380 70 11482 
22 10514 54 1927 
22 10835 
22 11851 
22 12381 
23 22 
23 481 
23 1440 
23 2981 
23 4144 
23 4266 
23 4339 
23 6034 
23 6217 
23 6468 
23 7759 
23 8309 
23 8611 
4 5497 23 9263 
23 9293 
23 9582 
23 10164 
23 10266 
23 11363 
23 12368 
24 179 
24 1563 
24 2423 
24 2583 
24 2624 
24 3181 46 3493 
24 5303 
24 6456 
24 7153 
24 8614 
24 9366 
24 9469 
24 10019 
24 10360 
24 11110 
24 11613 
24 12012 
1 3403 24 12030 
24 12552 27 6164 
24 12555 74 7253 
25 452 
25 573 
25 858 
25 885 
25 1072 
25 2161 
25 3101 
25 3204 
25 3500 
25 5081 
25 6028 
25 6669 
25 6879 
25 7314 
25 10958 
25 10961 
25 11026 
25 11192 
25 12633 
25 12665 
26 70 
26 214 
26 634 
26 1308 
26 2599 
26 3017 
26 3313 
26 3996 
26 4186 
26 5108 
26 5492 
26 6876 
26 7055 
26 7703 
26 8032 
26 8227 
26 8303 
26 8354 
26 8725 
26 8953 
27 1369 
14 4389 27 1653 
27 2467 
27 3829 
27 3938 
27 5146 
27 5434 
27 5482 
27 5892 
27 5976 61 3611 
24 12552 27 6164 
27 7047 90 755 
27 7514 
27 7689 
27 8272 
27 8474 
27 8612 
27 11370 
27 12504 
27 12512 
28 277 
28 913 
28 1033 
28 2080 
12 2054 28 2109 
28 2263 
28 2674 
28 2930 
28 3494 
28 6037 86 7193 
28 7093 
28 7210 
28 7384 
28 7531 
28 7737 
28 8230 
28 8269 
28 8633 
28 8701 
28 9745 
29 1302 
29 3131 
29 3512 
29 4397 
29 5983 
29 6344 
29 7145 
29 7454 
29 7979 
29 9087 
29 9186 56 4534 
29 9593 
29 9865 
29 10315 
29 10607 
11 12439 29 10929 
29 11521 
29 11559 
29 11570 
29 11612 
30 630 
30 1150 
30 2377 
30 3406 
15 8931 30 3678 65 11715 
30 3736 
30 3807 
30 4225 
30 4614 
30 5177 
30 5424 
30 5449 
30 5629 60 4279 
30 5659 
30 5788 
30 6586 
30 6810 
30 7220 
30 8057 
30 9008 
31 14 
31 123 
31 1083 
31 1481 
31 1592 
31 1735 
31 2229 
31 2973 
31 3771 
31 3960 
31 4515 59 9306 
10 8008 31 4555 
31 4701 
31 5915 
31 6671 
31 8644 
31 8974 
31 9220 
31 9331 
31 10184 
6 1362 32 1475 
32 2461 96 5627 
32 6074 
32 7953 34 11439 66 4645 
32 8732 
32 8778 
32 9305 
32 9745 
32 11722 
32 12569 
32 12571 
32 12573 
32 12574 
32 12576 86 1921 
32 12580 50 1626 
32 12581 
32 12582 
32 12586 
32 12590 
32 12594 66 6420 
33 396 
33 2365 
33 2469 86 5441 
33 2917 
33 3261 39 8448 
33 3637 
33 4094 
33 4195 
33 4405 86 7625 
33 4625 
33 4793 
33 4998 
33 5189 
33 6723 
3 5779 33 7939 
33 8944 
33 10196 
33 10718 
33 11181 
33 12016 
34 402 
34 649 
34 1351 53 2679 
34 3544 49 12638 
34 4287 38 6851 
34 4741 81 5541 
34 5114 
34 5356 
34 8193 
34 8246 64 4711 
34 8923 
34 10265 
34 10381 
34 11115 67 5925 
34 11139 
32 7953 34 11439 66 4645 
34 11625 
34 12590 
34 12593 
34 12595 
35 114 63 1718 
35 734 
35 1895 
35 2886 
35 3519 
35 3686 
35 4534 
35 5213 
35 5817 
35 5933 
35 6064 
35 7479 88 4375 
35 7524 
35 7571 
35 7614 
35 7706 
35 8010 
35 8735 
35 9084 58 5981 
35 9454 
36 346 
36 1140 
36 1155 
36 2058 
36 2129 
36 2322 
36 3443 57 8157 
36 4766 
36 6259 
14 3967 36 6334 
18 3350 36 8769 
36 10430 
36 10826 45 5589 
36 11733 
36 12548 
36 12549 
36 12550 84 3818 93 11421 
36 12551 
36 12552 
36 12556 
21 4305 37 2931 
37 3410 
37 4010 46 3210 
37 4327 47 12540 
37 4772 
37 5314 
37 5884 
37 6517 72 7373 
37 6654 79 1000 
37 6979 
37 7284 
37 7683 81 11299 
12 8104 37 8030 
37 8471 
37 10437 
37 10644 
37 10737 
37 11244 46 1311 
37 11409 
37 11639 
38 172 
38 351 
38 1496 
38 2338 
38 2951 
38 3212 
38 3365 
38 4149 
38 4514 
38 4542 
38 5115 
38 5133 
38 5245 
38 6517 
34 4287 38 6851 
38 7041 80 101 
38 7253 
38 7354 
38 7596 
38 7601 
39 595 
39 2227 
39 2593 
39 2700 
39 2884 
39 3338 
39 3598 59 12484 92 7880 
39 4035 
39 4076 
39 5107 
39 5272 93 7985 
39 5353 
39 6283 
39 6680 62 3667 
39 8318 
39 8345 
33 3261 39 8448 
39 8519 
39 9166 
39 10071 
40 81 
40 485 
3 12593 40 615 
40 989 75 6704 
40 1503 
40 2763 
40 3184 51 2446 
40 3797 
40 3824 
12 1352 40 3983 
40 4009 
40 4346 
40 5174 
40 5205 
40 5337 
40 6080 
40 7590 
40 8126 
40 8720 
40 8738 
41 778 
41 1458 
41 2446 
41 3181 
41 3259 
41 4015 
41 4241 
41 4952 
41 5176 56 3666 
41 6080 
41 6711 
41 7259 
41 7733 
41 8008 
41 8018 
41 8137 92 2780 
41 8877 
41 9531 
41 10059 
41 11775 
42 10 
42 648 
10 8439 42 3007 
42 3242 
42 4843 
42 5308 
42 5561 
9 685 42 5822 
42 5901 47 930 
42 6030 
42 6747 
42 6846 
42 8482 
42 8767 
42 8896 
42 8998 
42 9036 
42 9492 
42 9855 
42 10454 
43 97 
1 3399 43 135 
43 255 
43 516 
43 966 
43 1216 
43 1702 
43 3259 
43 3783 
43 4213 
43 4383 53 4658 88 1838 
43 6587 
5 845 43 6694 
43 7805 74 5501 
43 8280 
43 9271 
43 9494 
43 9762 
8 424 43 9793 
43 10046 
44 654 
44 975 
44 1620 
44 1798 
44 1946 
44 2308 
44 2357 
44 2531 
44 2971 
44 3982 
44 4318 
44 5636 51 9000 
44 8446 
44 8968 
44 9014 
44 9494 
44 10248 
44 10583 
44 10934 
44 12642 
45 1294 
45 1317 
45 2965 
45 3955 
45 3957 
45 4744 
45 5479 65 1145 
36 10826 45 5589 
45 6081 56 817 
45 7351 
45 7390 
45 8335 
45 8894 
45 9506 
45 11000 
45 11350 
45 11505 
45 11816 
45 12117 
45 12122 
17 1133 46 234 
46 320 
46 1260 
37 11244 46 1311 
46 2487 88 1131 
37 4010 46 3210 
24 3181 46 3493 
46 3875 
46 3984 
46 6209 
46 6616 
46 6757 
46 11477 73 10008 
46 11812 
46 11997 
46 12284 
46 12431 
46 12504 
46 12507 
46 12508 94 12634 
47 114 
10 8234 47 662 
47 753 
42 5901 47 930 
18 5681 47 3506 
47 5110 
8 2218 47 7120 
47 7508 
47 7552 
47 8548 
47 9326 
47 9891 
47 11251 
47 11926 
19 4073 47 12526 
5 6580 47 12528 
47 12531 
47 12534 
47 12538 
37 4327 47 12540 
48 2517 
48 2795 
48 3038 
48 3062 
48 3157 
48 4761 
48 4821 
48 5248 
48 5295 
48 6973 
48 7510 
48 9446 
48 10332 
48 11640 
48 12037 
48 12342 
48 12673 
48 12676 
48 12679 99 12734 
48 12683 
49 41 
49 637 65 6203 
49 1068 
49 1100 
49 1898 
49 2137 
49 2679 
49 3095 
49 3319 
49 4094 94 12610 
49 5689 
49 6024 
49 6184 79 5376 
49 6911 
49 7084 
49 9677 
49 12224 
49 12246 
34 3544 49 12638 
49 12639 
32 12580 50 1626 
50 1769 
50 1781 
50 1830 
50 2467 
50 2831 
50 3084 
50 4105 
50 4371 
50 4436 
50 4493 
50 6151 
50 6983 
50 6988 
50 7079 
14 3424 50 8256 
20 1931 50 10586 
50 10596 98 8817 
50 10672 
50 10712 
51 251 
51 426 
51 1526 98 6366 
51 1538 
51 1766 
51 2170 
51 2251 
51 2413 
40 3184 51 2446 
51 2664 
51 2965 
51 3169 62 6566 
51 4973 
51 6723 
51 6861 
51 8452 
51 8522 
51 8571 
5 5268 51 8705 
44 5636 51 9000 
52 909 
0 3826 52 1848 
52 2059 
52 2204 
52 3004 
52 3016 
11 4931 52 3108 
52 3479 
52 3643 
52 3729 
52 3826 
52 4788 
52 4855 
52 5288 
52 5341 
52 5984 
52 6357 
52 7469 
52 7661 
52 8572 
53 149 
53 1070 
53 1358 
53 2109 
34 1351 53 2679 
53 3728 
43 4383 53 4658 88 1838 
53 5260 
53 5285 
53 5470 
53 7583 
53 7714 
53 8977 
53 9308 
53 9613 96 6156 
8 7593 9 4714 53 9977 80 5036 
17 3081 20 5473 53 10664 
53 11161 
53 11920 
53 12390 57 2517 
54 346 
54 1709 
22 10514 54 1927 
54 2089 
54 2661 
54 3197 
8 2644 54 4872 
54 6205 
54 6353 
54 6659 57 6979 
54 7259 
54 8777 
12 11809 54 8811 
54 9018 
54 9189 
54 9362 
54 10257 
54 11213 
54 12050 
54 12455 
55 2112 
55 3387 
55 3629 
55 3983 
55 4033 
55 4242 
55 4992 92 11924 
55 5368 
55 5656 
55 6672 72 1104 
55 7075 
55 7806 
55 9124 91 8073 
55 9679 
55 10690 
55 10707 
55 11154 
55 12582 
55 12583 
55 12586 76 9165 
45 6081 56 817 
56 1970 
56 2145 
8 10145 56 2206 
56 2384 92 2917 
56 2563 
56 2607 
56 2985 
41 5176 56 3666 
56 4437 
29 9186 56 4534 
56 5084 
56 6281 
56 6744 
56 8886 
56 9373 
56 9385 
56 10095 
56 10893 
56 11035 
57 59 
57 511 
57 1275 
57 2347 
57 2510 
53 12390 57 2517 
57 3905 
57 3977 
57 5080 
8 2401 57 5925 
57 5957 
57 6095 
54 6659 57 6979 
57 7374 
57 8021 63 3968 
36 3443 57 8157 
57 8491 
57 9347 
57 10941 
57 12545 
58 272 
58 327 72 11303 
58 697 72 4496 
58 2412 
58 3600 91 2530 
58 4000 
58 4111 
58 5650 
35 9084 58 5981 
58 6402 
58 7212 
58 8124 
58 9311 
58 9663 
58 10221 
58 10267 
58 11254 
58 11330 
58 11826 
58 12648 72 164 
59 791 
59 1158 
59 3841 
59 4946 
59 6378 
59 6427 
59 6686 
2 12494 59 8463 
31 4515 59 9306 
59 10342 67 10526 
59 10981 
59 11076 
59 11931 
59 11932 
2 7865 59 12476 93 4569 
59 12478 
59 12480 
39 3598 59 12484 92 7880 
59 12487 
59 12489 
60 1672 
60 1696 
60 1788 
60 3463 
30 5629 60 4279 
60 4567 
60 6094 
60 6308 
60 6657 
60 6794 
60 6871 
60 7147 
60 7482 
60 7684 
60 10481 
60 10687 
60 10928 
60 11035 
60 11506 
60 11627 
61 181 
11 1920 61 922 
61 1391 
61 3509 
27 5976 61 3611 
61 3622 
61 4484 70 2824 
61 4893 
61 5602 
61 5792 
61 5853 
5 9390 61 6216 
61 6246 
61 7130 
13 7111 61 7702 
61 7837 
61 10822 96 8857 
61 11828 
61 12472 
61 12518 
62 923 
62 1376 
62 1971 
62 2391 
39 6680 62 3667 
62 4567 
62 5071 
62 5083 
62 5324 
62 5797 
62 6375 
51 3169 62 6566 
5 8803 62 6571 
62 6966 
62 8548 
62 8565 
62 8741 
62 8762 
62 9024 95 1441 
62 9270 
12 8757 63 471 
63 958 
35 114 63 1718 
63 2453 
63 3510 
63 3896 
63 3911 
57 8021 63 3968 
63 4362 
63 5949 
63 6889 
63 8336 
63 8549 
63 8897 
63 8924 
63 9149 
63 10062 
63 10962 
63 11128 
63 11357 
64 796 
64 1328 
64 1441 
64 2540 
64 2698 
64 2758 
64 2804 
64 3740 
64 3978 
64 4086 
64 4411 
64 4435 
34 8246 64 4711 
64 4757 
64 6785 
64 7057 
64 8309 
64 10452 
64 10930 
64 12289 
45 5479 65 1145 
65 1251 
65 1398 
65 1996 
65 2885 
65 3310 
65 3479 75 12636 
65 4802 
65 5306 
49 637 65 6203 
65 6764 
65 9703 
65 9739 94 12609 
15 8931 30 3678 65 11715 
65 12032 
65 12283 
65 12455 87 3323 
65 12457 
65 12461 
65 12465 
66 117 
66 300 
66 493 
66 1438 
66 1922 
66 2273 
66 2845 
66 3133 
32 7953 34 11439 66 4645 
66 4687 
66 5204 
66 5467 
32 12594 66 6420 
66 6603 
66 6633 
66 7154 
66 7194 
66 8225 
66 8938 
66 9230 
67 206 
67 2681 
67 3243 
67 3501 
67 5049 
67 5299 
67 5834 
34 11115 67 5925 
67 6182 76 8820 
67 6898 86 2855 
67 7242 
67 7549 
67 7649 
67 8016 
67 8019 
67 8431 
67 8498 
67 8511 
67 10327 
59 10342 67 10526 
68 90 
68 2535 
68 2879 
68 3907 
68 4209 
68 5472 
68 6653 
68 7760 
68 9153 
68 9176 
68 9672 
68 9687 
68 12131 
68 12511 
68 12514 
68 12515 
68 12518 
68 12521 
68 12524 
68 12526 
69 197 
69 202 
69 2056 
69 2305 
69 2391 
69 2654 
69 2781 
69 4519 
0 12511 69 4683 
69 6913 
69 8370 
69 9324 85 5850 
69 9757 
69 9926 
69 10733 
69 11097 
69 12344 
69 12625 
16 1430 69 12629 
69 12633 
61 4484 70 2824 
3 11572 70 3336 
70 6992 
70 7237 
70 7349 
70 7685 
70 8315 
70 9241 
70 9769 81 11600 
70 10235 
70 10857 
22 10380 70 11482 
70 12008 
70 12476 
70 12478 
70 12479 
70 12483 
70 12484 
70 12487 
70 12488 
71 149 
71 233 
71 312 
71 590 
71 754 
71 1407 
71 2092 
71 2609 
71 3481 
71 5230 
71 5267 
71 5661 78 11523 
71 5996 
71 6421 
71 6665 
71 7230 
71 8868 
71 8954 
71 9738 
71 10304 
58 12648 72 164 
72 677 
55 6672 72 1104 
72 3399 
72 3944 
58 697 72 4496 
72 5169 
72 6544 
72 6573 
37 6517 72 7373 
72 9971 
72 10406 
58 327 72 11303 
72 11427 
72 11590 
72 12448 
72 12449 
72 12450 
72 12454 
72 12457 86 11908 89 12080 
73 485 82 8575 
73 1279 
73 1574 
73 1913 
73 2063 
22 8221 73 2682 
6 6077 73 3044 
73 4483 
73 4487 
73 6040 
73 6117 
0 1837 73 6751 
73 7181 
73 7910 
6 4089 73 8390 
73 9627 
46 11477 73 10008 
73 10159 78 2391 
73 10665 
73 11316 
74 6 
74 12 
14 4283 74 177 
74 2144 
74 2819 
74 3108 
43 7805 74 5501 
74 6393 
24 12555 74 7253 
74 8884 
74 10378 
74 10429 
22 2931 74 10986 
74 11071 
74 11478 
74 11908 
74 12153 
74 12449 
74 12452 
74 12456 
75 226 
75 780 
22 71 75 3156 
75 4557 
75 4970 
75 5804 
40 989 75 6704 
18 6937 75 7767 
75 11029 
75 12612 
75 12616 
75 12619 
75 12621 
75 12625 
75 12628 
75 12631 
75 12634 
65 3479 75 12636 
75 12639 
75 12643 
76 779 78 6652 
76 1784 
76 3459 
76 5947 
76 5955 
76 6362 
76 7348 
76 7750 
76 7961 
76 8258 
67 6182 76 8820 
55 12586 76 9165 
76 9578 
76 9671 
76 9717 
76 11739 
76 11773 
76 12077 
76 12370 
76 12373 
77 1792 
77 1861 
77 2083 
3 12169 77 2519 
77 2553 
77 3848 
77 3865 
77 4309 
77 4421 78 7712 
77 4589 
77 6087 
77 6465 
77 6816 
77 7572 
77 7619 
77 9165 
77 9555 
77 11495 
77 11535 
77 11639 
78 322 
78 916 
78 1229 
78 1348 
78 1743 
78 2151 94 2143 
78 2324 85 4048 
73 10159 78 2391 
78 3687 96 4353 
78 6573 
76 779 78 6652 
78 7439 
77 4421 78 7712 
78 7737 
78 7888 
78 9160 
78 9198 
78 10272 
71 5661 78 11523 
78 12026 
79 761 
37 6654 79 1000 
79 1035 
79 3172 
79 3282 
79 3945 
79 4097 
49 6184 79 5376 
79 6051 
79 6714 
79 7812 
79 8066 
79 9186 89 7008 
79 9290 
79 9931 
79 10488 
79 10524 
79 10627 
79 10663 
79 12540 
38 7041 80 101 
80 155 
80 534 
80 1607 
80 2659 
1 9074 80 3753 
80 3757 
80 4053 
80 4434 
80 4620 
8 7593 9 4714 53 9977 80 5036 
80 5909 
80 6038 
80 6468 
80 7260 
80 7299 
80 7517 
80 7614 
80 8384 
80 9694 
81 741 
81 998 
81 1270 98 789 
81 1841 
81 2742 
81 2967 
14 2968 81 3851 
81 4664 
34 4741 81 5541 
81 6390 
81 6587 
81 7450 
81 8001 
81 8024 
81 8279 
81 9890 
81 10649 
37 7683 81 11299 
81 11597 98 1910 
70 9769 81 11600 
82 134 
82 506 
82 650 84 12561 
82 964 
82 1539 
82 1842 
4 12462 82 2414 
82 2738 
82 3342 
82 4355 
82 4598 
82 5194 
82 5430 
82 5641 
82 6586 
18 6244 82 6684 
82 6975 
82 8446 
73 485 82 8575 
82 8792 
83 36 
83 477 
83 1437 
83 1448 
83 1530 
83 1837 
83 2004 
83 2761 
83 3512 
83 3834 
83 3924 
83 4602 
83 5154 
83 5534 
83 5667 
83 6035 
83 6106 
83 6412 
83 7296 
83 8274 
84 1529 
84 1721 
84 3719 
36 12550 84 3818 93 11421 
84 4727 
84 5337 
84 6718 
84 7064 
84 8009 87 2996 
84 9304 
84 9351 
84 10819 
84 11352 
84 12553 94 12618 
84 12554 
84 12558 
82 650 84 12561 
84 12562 
84 12563 
9 9999 84 12564 
85 92 99 12015 
85 155 
85 666 
85 713 
85 1550 
85 2560 
85 2929 97 3485 
85 3037 
85 3646 
85 3912 
85 4015 98 761 
78 2324 85 4048 
85 4955 
69 9324 85 5850 
85 6005 
85 6214 
85 7170 
85 9044 
85 9569 
85 10553 
86 1217 
86 1758 
32 12576 86 1921 
86 2657 
67 6898 86 2855 
86 3078 
86 3368 
20 2405 86 3375 
86 5154 
33 2469 86 5441 
86 5630 
86 6177 
28 6037 86 7193 
33 4405 86 7625 
86 7822 
86 8624 
86 9626 
86 9681 
72 12457 86 11908 89 12080 
86 12048 
87 1217 
87 1410 
87 1819 
87 2891 
84 8009 87 2996 
87 3048 
65 12455 87 3323 
87 3572 
87 3663 
87 4527 
87 6444 
87 6701 
87 6941 
87 7761 
87 8990 
87 9420 
87 9614 
87 11548 
87 12410 
87 12412 
88 77 
46 2487 88 1131 
88 1148 
88 1255 
9 2354 88 1378 
43 4383 53 4658 88 1838 
88 1846 
88 2528 
3 5680 88 3479 
88 4365 
35 7479 88 4375 
88 5173 
88 5192 
88 5570 
88 5735 
88 5858 
88 6070 
88 6245 
88 6284 
88 6517 
89 750 
89 1228 
89 1585 
89 1842 
89 3402 
89 4566 92 11140 
89 4665 
89 6329 
79 9186 89 7008 
89 7123 
89 7171 
89 7178 
89 7240 
89 9188 
89 9810 
89 10639 
89 10690 
72 12457 86 11908 89 12080 
89 12370 
89 12629 
27 7047 90 755 
90 1224 
90 1314 
90 1491 
90 1927 
90 3305 
90 3526 97 1320 
90 3805 
90 4046 
90 4210 
90 5033 
90 6551 
90 7530 
90 7953 
11 11205 90 8208 
90 8364 
90 10275 
90 10354 
90 10501 
90 10502 
91 111 
91 632 
91 728 
58 3600 91 2530 
91 2532 
91 4443 
91 4956 
91 5561 
91 6145 
91 6347 97 207 
91 7336 
91 7610 
55 9124 91 8073 
4 9409 91 8800 
91 9245 
91 9568 
91 10513 
91 10551 
91 10940 
91 12405 
92 264 
92 923 
92 1099 
92 1731 
92 2473 
92 2743 
41 8137 92 2780 
56 2384 92 2917 
92 3662 
92 4867 
92 6100 
39 3598 59 12484 92 7880 
92 8535 
89 4566 92 11140 
18 2352 92 11228 
92 11674 
92 11852 
55 4992 92 11924 
92 11985 
92 12458 
93 282 
93 1583 
93 1879 
93 2001 
93 2738 
93 3259 
93 4222 
93 4353 
2 7865 59 12476 93 4569 
93 5729 
93 6279 
93 6601 
39 5272 93 7985 
93 8016 
93 8482 
93 9433 
93 10251 
93 10570 
93 11264 
36 12550 84 3818 93 11421 
94 123 
94 767 
78 2151 94 2143 
94 4679 
94 5004 
94 8486 
94 10375 
94 11781 
65 9739 94 12609 
49 4094 94 12610 
94 12614 
84 12553 94 12618 
94 12619 
0 12509 2 173 94 12621 
94 12624 
94 12625 
94 12627 
94 12628 
94 12632 
46 12508 94 12634 
95 743 
95 1304 
95 1414 
62 9024 95 1441 
95 1968 
95 5995 
95 6606 
95 7306 
95 7396 
95 8734 
95 10150 
95 12397 
95 12563 
95 12566 
95 12568 
95 12570 
95 12574 
95 12576 
95 12580 
95 12582 
96 760 
96 1409 
18 6587 96 2542 
78 3687 96 4353 
96 4824 
32 2461 96 5627 
96 5767 
96 5957 
96 6049 
53 9613 96 6156 
96 6261 
96 6623 
96 6713 
96 6859 
96 7457 
96 8768 
61 10822 96 8857 
96 9036 
96 9135 
96 9279 
97 62 
91 6347 97 207 
97 955 
90 3526 97 1320 
97 1712 
21 2573 97 2054 
97 2380 
97 3179 
97 3234 
97 3358 
85 2929 97 3485 
97 4514 
97 6613 
97 7201 
97 7261 
97 7805 
97 8139 
97 8282 
97 10941 
97 12438 
85 4015 98 761 
81 1270 98 789 
81 11597 98 1910 
98 2062 
98 2268 
98 3153 
98 4364 
98 4589 
14 9599 98 5629 
16 2949 98 5804 
15 8947 98 6166 
98 6291 
98 6350 
51 1526 98 6366 
98 8170 
50 10596 98 8817 
98 9161 
98 9545 
98 9732 
98 10583 
99 770 
99 1021 
99 2503 
99 3401 
99 3674 
99 4857 
99 6540 
99 7526 
99 7701 
85 92 99 12015 
99 12252 
99 12530 
99 12545 
99 12730 
99 12732 
48 12679 99 12734 
99 12736 
99 12740 
99 12744 
99 12747 
