0 4 57 196 73 313 
0 7 23 159 79 114 
0 25 13 454 25 119 55 226 
0 29 68 449 80 281 83 127 
0 30 76 225 77 410 
0 31 26 319 85 342 
0 57 32 326 
1 96 
0 87 
0 102 5 265 
0 107 34 110 95 379 99 291 
0 109 53 454 61 407 93 219 
0 125 1 391 
0 142 82 151 
0 171 13 422 44 167 

0 200 
0 219 52 180 54 317 
37 105 82 28 
4 157 7 444 78 328 80 447 
0 231 52 14 
0 238 8 455 23 251 38 49 
0 244 
0 214 0 249 56 308 91 261 
0 255 20 153 54 131 76 234 94 366 
0 258 25 123 26 134 
0 275 2 158 5 319 20 363 
0 281 57 420 
0 286 3 202 17 474 75 319 
0 290 3 258 15 60 17 91 76 259 
0 301 10 496 81 368 
0 304 
0 319 63 208 69 383 88 117 
0 337 9 179 
0 348 15 160 34 5 74 385 
0 390 1 417 38 120 59 39 71 398 
11 191 14 263 
0 402 27 133 34 346 58 448 
0 422 3 77 75 436 94 196 
81 277 
0 437 
0 466 51 297 59 376 67 101 
0 467 93 176 
0 470 54 401 86 325 
0 482 8 33 20 252 76 207 85 215 
1 0 7 115 
1 2 2 120 
1 17 45 432 72 318 
1 41 3 332 14 410 19 288 65 337 
1 45 53 145 53 241 
1 55 
1 61 
1 67 2 335 
1 81 29 436 42 242 99 301 
46 132 49 232 63 64 72 439 
1 99 34 372 
1 102 54 350 
45 457 62 455 78 29 
0 126 1 149 71 24 75 326 
1 164 68 438 70 410 
1 200 
1 206 28 190 
1 230 31 175 50 68 51 119 85 418 
1 247 67 98 95 236 
1 272 32 377 39 395 68 318 
1 282 7 358 32 125 51 162 
14 102 28 501 71 235 
1 303 42 130 
1 323 74 324 
17 504 84 122 89 447 
1 359 45 94 46 115 65 406 
1 363 29 86 30 269 83 194 
1 376 30 422 39 443 
0 15 1 378 37 57 85 295 99 128 
1 388 36 26 90 50 
6 239 45 228 46 225 56 445 

1 402 64 101 82 403 
1 438 51 215 91 430 93 151 
1 441 
1 453 3 68 95 375 
1 456 38 260 98 312 
1 474 
0 470 54 401 86 325 
1 489 76 47 92 162 
1 492 21 522 68 95 78 291 
1 495 5 472 
2 12 3 19 34 17 40 94 52 27 93 143 
2 13 
37 303 91 304 
2 53 71 507 
2 64 
2 97 
2 106 76 126 84 376 
0 53 2 132 68 9 86 205 
2 154 76 68 
2 155 4 333 36 140 93 327 
2 164 35 261 53 391 78 193 91 70 
16 120 45 434 76 263 
2 169 29 233 
2 178 17 256 28 250 60 194 88 196 
2 181 17 79 39 48 
7 202 66 125 
2 228 53 542 65 283 65 364 72 293 99 361 
2 250 91 221 
2 251 64 497 65 340 72 92 87 302 
22 160 73 254 
2 282 15 470 17 314 38 142 95 363 
31 248 33 442 
2 289 17 494 33 281 58 148 91 291 
2 290 72 65 74 301 97 36 99 146 

2 307 75 308 86 43 99 318 
1 379 2 311 
2 319 
2 334 2 464 75 121 
2 339 31 61 48 198 56 449 57 32 73 17 
2 342 41 76 46 87 55 356 76 152 
2 343 23 469 29 188 44 404 47 84 
2 224 2 347 17 245 66 397 99 340 
2 349 31 115 57 106 
2 370 13 337 62 320 
2 383 10 377 29 384 42 321 51 349 
2 407 
92 505 
2 417 33 339 
2 420 5 337 55 125 65 180 
51 388 70 227 90 428 
2 430 67 327 
2 451 60 210 
2 146 2 497 14 460 35 169 
25 246 56 213 
3 50 92 303 
2 57 30 109 37 213 55 359 
6 440 44 181 74 95 99 77 
3 81 3 119 32 19 42 495 45 108 85 408 87 212 
72 6 84 185 
3 143 59 230 
0 147 3 153 48 293 79 291 
3 168 36 470 41 288 54 234 
3 173 18 443 23 41 
10 458 
3 224 
3 232 
3 240 5 490 
3 255 61 186 80 383 86 421 
3 269 24 371 56 358 56 471 58 29 
3 281 
3 300 10 4 
3 313 22 407 
3 317 65 161 
3 320 24 408 
3 328 57 247 
3 347 
3 350 31 494 70 366 
3 354 71 428 
3 360 9 352 26 68 34 66 57 436 79 446 86 281 
3 381 11 131 21 244 50 420 
3 385 21 326 
3 387 33 236 
3 389 33 161 89 319 
3 396 5 303 48 239 65 236 
0 431 3 399 4 149 15 221 44 79 
6 111 
3 409 62 386 80 32 
3 417 7 122 8 233 25 196 56 434 
3 448 4 141 95 302 
3 454 85 22 
3 466 33 208 
3 484 
0 432 4 3 72 56 
4 11 10 31 42 376 71 169 92 133 
4 84 
2 239 4 85 17 303 41 105 
12 268 13 117 57 211 61 171 
4 93 26 108 31 84 93 311 96 366 97 21 
11 122 99 100 
92 374 
35 162 87 473 
0 431 3 399 4 149 15 221 44 79 
4 174 25 65 78 396 
0 461 4 175 16 288 60 170 94 177 
4 195 69 37 
4 231 17 26 63 388 98 253 
4 241 41 400 59 358 
4 275 
1 353 4 279 30 139 35 393 90 97 
4 281 23 242 79 283 
2 495 4 315 6 402 19 347 49 319 
4 326 23 198 47 473 83 232 
4 328 50 436 67 161 99 169 
4 332 24 43 
4 384 20 254 30 75 82 110 95 309 
34 200 
6 205 12 201 12 340 47 329 87 248 94 141 
4 427 66 393 
43 379 52 42 90 458 
4 429 39 211 48 470 51 279 
4 452 68 380 
67 426 
4 455 
4 468 35 240 
6 59 
4 497 9 265 55 215 
4 501 80 248 99 501 
5 4 71 56 
5 27 
60 159 
5 54 72 272 78 214 
5 55 15 41 33 390 69 512 75 426 87 51 
5 62 46 193 
5 76 43 490 58 225 64 57 

5 108 53 403 95 466 
5 122 
5 129 68 472 91 513 
45 81 
3 429 63 14 
5 159 23 275 69 433 
5 178 34 249 48 231 
5 182 56 351 
23 262 35 473 40 281 72 322 
5 194 50 153 
8 183 41 290 41 393 89 164 
5 213 18 388 74 20 
22 396 36 380 
5 238 64 503 
31 299 58 71 71 362 
5 262 
21 416 26 335 36 232 
2 434 5 312 7 40 
5 315 
5 325 79 333 
2 420 5 337 55 125 65 180 

5 373 29 344 82 165 
5 392 42 275 96 26 
5 408 17 482 27 150 93 115 
5 429 57 405 99 313 
5 430 16 99 50 419 57 134 57 450 
5 451 20 162 57 271 72 39 
5 461 
5 463 85 170 93 258 
6 14 7 401 12 9 56 245 

6 36 12 182 22 21 
6 38 17 389 30 353 34 142 55 57 
6 41 17 345 29 174 46 164 
6 59 
6 65 
6 71 
6 102 79 21 
6 122 23 406 31 0 40 155 81 257 
2 493 25 427 38 398 42 503 
6 3 6 176 
44 83 
3 121 6 224 9 520 
6 230 82 366 95 349 
6 239 45 228 46 225 56 445 
6 242 21 380 25 330 36 133 45 263 50 249 84 76 

6 275 99 5 
6 279 64 144 65 464 
16 418 22 307 
6 282 23 31 38 237 
6 293 57 109 
6 294 11 48 22 72 
6 309 37 387 38 165 47 401 
1 361 58 33 
6 343 10 332 89 206 95 222 
6 352 32 38 
6 362 95 384 98 180 
6 385 21 173 34 46 62 91 
1 106 20 315 59 195 
6 393 32 108 91 174 
6 409 
4 221 6 424 14 276 72 297 
6 437 12 292 27 403 66 190 
6 456 9 230 
6 469 80 419 
6 494 7 262 10 97 55 78 
6 499 
7 4 
7 6 
7 10 18 425 54 19 
7 12 16 461 66 107 
7 22 55 84 86 373 
7 34 11 451 17 262 51 34 55 114 68 133 
7 43 43 485 70 319 
7 65 
2 378 7 83 69 206 97 140 
7 90 73 277 
7 96 
7 98 33 22 42 399 73 366 99 286 
14 109 
7 120 14 163 
3 417 7 122 8 233 25 196 56 434 
7 131 79 88 93 87 
7 142 96 195 
7 147 23 105 36 333 98 264 
7 155 73 372 93 314 
7 158 56 202 86 321 

1 102 54 350 
7 202 66 125 
7 211 92 231 
92 39 
7 219 14 342 60 262 
7 227 
7 245 15 144 
7 299 28 347 79 322 
7 207 7 315 
0 478 7 330 19 149 65 121 72 155 
7 343 15 165 42 208 71 22 76 90 
7 355 72 419 92 294 
7 367 70 201 
41 175 91 480 

24 360 40 210 45 333 
6 193 7 405 
85 90 85 149 
78 469 99 260 
7 427 55 315 56 305 
7 450 39 487 55 324 
7 479 21 245 22 32 28 2 60 133 79 245 95 270 
7 488 16 67 96 253 
8 22 77 324 
4 136 8 30 24 149 
8 35 57 255 83 403 87 289 
8 67 
6 353 8 73 28 180 60 30 
8 90 26 423 56 489 
8 93 18 74 55 224 86 265 
8 114 89 406 
8 127 21 47 23 45 
8 130 47 50 
8 132 35 374 43 431 
8 122 8 154 
8 156 16 253 63 293 82 97 84 106 86 303 91 458 96 185 
3 488 8 160 16 360 36 481 
2 141 8 187 54 148 94 100 
8 188 
25 210 47 122 
0 399 8 216 
8 228 
8 232 61 501 
8 245 22 79 40 266 61 146 64 230 98 334 
8 256 83 477 94 47 
8 264 48 114 56 318 73 93 
8 267 34 19 
8 318 
48 52 71 415 
61 246 
8 339 11 475 16 215 20 87 83 289 
8 363 12 279 27 350 
8 367 25 492 34 424 
4 30 8 373 94 370 
8 386 24 222 31 445 48 21 53 83 
8 400 
8 404 
8 416 38 167 
8 420 18 157 43 465 65 30 83 110 
8 429 24 96 92 128 
8 442 56 488 75 408 79 215 
8 273 8 446 93 345 
8 447 27 283 28 191 
8 467 17 469 23 240 
8 476 32 362 67 418 
8 478 
8 490 32 263 59 428 79 356 

9 97 
44 103 60 89 87 165 
9 127 
9 149 52 389 
6 49 9 153 
9 165 
9 176 38 264 42 473 
9 186 18 16 72 47 
9 187 14 16 60 181 
9 202 10 409 13 321 39 130 68 47 
13 459 32 105 35 113 41 136 82 113 89 471 
22 231 35 83 72 337 
9 222 41 6 79 35 
50 404 
9 254 12 103 17 169 59 191 
9 257 99 398 
9 278 47 33 
9 311 29 195 87 377 95 233 
9 329 
8 122 8 154 
3 360 9 352 26 68 34 66 57 436 79 446 86 281 
9 361 
6 50 9 375 89 231 
9 379 21 228 42 37 56 281 
9 411 24 262 50 300 
9 413 25 394 89 258 
2 257 6 303 64 379 
9 442 10 328 40 321 
9 451 
9 455 37 481 94 182 
81 205 
9 481 56 145 71 301 
9 489 19 300 31 349 85 37 88 27 99 113 
5 295 9 33 9 513 67 199 88 274 
3 300 10 4 
6 356 10 35 18 438 49 102 78 20 80 414 
32 318 
10 53 77 485 
10 57 45 72 49 384 
10 67 
10 78 32 278 45 36 
10 107 23 51 68 489 94 236 
10 133 
10 145 20 479 62 270 74 266 80 344 
10 146 
10 187 31 374 56 48 62 103 
10 197 42 26 
10 200 29 324 58 75 68 140 
0 155 10 208 80 249 
10 234 64 294 87 67 
10 243 16 477 53 253 
0 13 1 448 9 64 10 258 
47 362 
10 269 65 384 68 319 83 186 
6 266 10 282 22 373 65 429 99 27 
7 165 32 143 
10 300 
10 306 50 121 98 191 
10 307 12 91 17 203 77 2 
1 136 27 257 81 139 86 490 
10 316 11 276 
10 324 
9 394 10 359 
10 363 15 226 
3 135 82 467 
10 393 15 154 36 419 47 40 61 497 70 111 86 464 
39 169 42 315 93 21 94 157 95 106 
10 402 30 65 
10 415 11 388 61 178 68 62 90 241 
2 83 5 275 10 419 23 216 
10 421 17 202 89 421 
31 295 66 219 
56 284 
10 448 53 327 
10 474 71 480 73 175 78 440 88 294 
10 490 18 431 71 344 76 156 
10 495 
10 504 20 203 
39 73 58 446 89 511 98 175 
9 516 11 7 
11 8 43 319 
0 329 31 305 
11 75 46 157 55 390 
11 84 74 307 
11 107 
11 124 53 346 64 501 94 403 
11 133 74 420 
11 146 
11 161 13 97 30 467 79 209 95 137 
11 170 85 61 
6 378 47 114 54 140 71 499 97 129 
25 305 
7 72 29 301 76 107 
1 7 11 222 38 206 55 230 
11 236 26 341 
11 256 
22 192 67 465 98 210 
11 270 85 3 
65 59 
11 302 59 258 
11 309 
3 325 11 320 12 160 68 283 92 120 
11 333 34 221 
11 335 97 102 
94 1 
11 348 31 63 48 108 
5 200 41 406 61 452 65 145 
42 311 46 482 
11 421 28 133 
7 34 11 451 17 262 51 34 55 114 68 133 
11 455 84 317 
11 464 39 370 94 441 
8 339 11 475 16 215 20 87 83 289 
33 375 79 205 

46 417 63 476 96 305 
12 54 13 231 83 92 
17 15 46 285 70 304 97 405 
3 217 12 58 
12 72 32 345 43 232 47 467 51 2 77 59 
12 78 15 339 36 207 63 242 
2 272 3 3 12 85 21 377 36 51 47 150 83 82 
9 254 12 103 17 169 59 191 
12 113 34 188 37 500 47 91 
36 101 69 341 
12 149 47 419 48 364 
12 162 16 327 76 285 78 40 
12 196 61 269 
12 207 
12 221 95 352 
26 202 
12 242 42 156 64 24 
12 247 19 111 72 3 
6 130 12 254 45 407 68 155 91 206 99 15 
58 102 77 368 80 388 
12 277 28 42 72 237 
3 305 12 283 
12 297 14 485 47 395 84 17 
78 273 
0 171 13 422 44 167 
12 362 
12 367 32 118 78 368 
12 382 67 442 

42 118 
36 308 42 35 
12 393 
12 416 
12 418 59 25 
12 422 25 322 40 477 80 292 
12 426 
12 449 82 68 
12 450 79 423 

13 18 59 280 
13 31 
10 105 
13 38 43 45 63 153 86 56 90 357 96 51 
13 42 72 282 94 18 
13 55 65 488 
13 75 33 296 75 348 
7 15 7 216 13 79 70 343 78 184 
7 326 13 85 69 457 89 413 
13 106 50 328 
1 435 13 120 82 461 
13 142 15 22 50 178 57 234 72 289 91 59 99 283 
4 438 13 150 87 359 89 22 
13 157 25 28 47 237 
13 181 76 216 
13 199 18 178 95 142 
13 208 
8 368 13 217 72 340 74 468 
11 449 13 219 61 404 
1 275 52 358 56 257 
2 330 13 253 78 150 
5 486 12 396 13 257 26 9 41 315 51 72 53 228 
13 264 44 312 55 380 83 516 
12 46 13 267 67 301 67 323 
13 289 32 225 
23 347 54 465 84 456 
13 298 44 150 86 102 
13 304 45 173 60 57 
6 460 13 306 25 38 56 229 
13 368 81 350 
95 428 
57 243 
13 364 40 70 
13 378 37 212 42 115 61 78 
9 218 26 417 
13 393 38 438 70 474 84 60 
27 375 
3 177 13 417 35 430 53 464 96 132 98 376 
13 459 32 105 35 113 41 136 82 113 89 471 
4 89 13 468 47 325 68 433 98 119 
13 480 22 49 
13 484 18 452 49 193 67 205 75 190 82 156 
13 502 17 83 31 328 33 75 
13 509 66 202 
13 8 19 84 52 345 91 123 
14 10 48 177 
2 122 14 13 22 374 75 147 76 8 78 239 

14 28 35 447 49 254 
14 30 37 129 53 172 91 314 96 355 
14 37 75 292 95 367 
14 50 58 363 73 160 
14 52 48 281 
14 61 18 188 52 64 73 457 93 456 
5 142 14 93 55 186 90 476 
86 11 
9 329 
68 375 
14 125 57 96 75 176 
59 4 64 314 
14 146 47 64 74 250 
7 120 14 163 
9 342 14 167 40 227 
14 177 67 18 
14 320 
14 197 38 89 
19 313 78 301 84 128 93 385 
14 222 16 363 
14 241 54 244 
14 253 70 230 
22 146 24 418 63 469 
11 191 14 263 
14 269 44 227 
35 41 
14 283 37 277 39 482 99 281 
14 313 73 409 

14 194 14 335 38 71 67 354 68 306 76 81 
14 345 34 191 39 221 57 141 83 201 
39 110 44 411 
13 435 14 377 17 438 
86 256 
11 76 14 402 48 279 
14 414 97 325 
14 426 
14 432 15 301 
14 454 44 478 80 411 93 450 
0 410 14 482 44 58 45 144 55 98 
14 484 18 318 28 378 33 414 
14 488 18 306 20 156 35 471 
14 516 33 407 97 448 
13 210 15 4 39 16 51 290 
60 38 
15 30 20 414 31 43 45 271 45 428 
12 358 15 34 70 47 92 398 
15 46 55 27 
15 51 45 351 
15 56 46 271 87 38 89 324 
15 64 17 186 63 152 69 113 
22 464 66 70 67 310 
15 97 72 291 
15 104 45 305 84 399 86 307 
9 261 15 109 41 233 61 169 
0 299 1 400 15 113 45 405 
13 112 15 126 20 185 43 341 49 431 77 441 94 384 
12 74 15 141 65 191 72 239 83 437 
4 143 54 217 83 27 
7 343 15 165 42 208 71 22 76 90 
15 184 32 390 55 201 72 426 83 244 
21 507 
15 205 26 396 68 33 
15 209 
42 5 
60 428 73 382 
6 18 15 252 73 211 99 49 
84 274 98 298 
15 269 37 243 
15 270 51 15 96 217 
15 271 57 424 62 368 
15 276 22 24 65 0 
34 42 77 295 
15 284 18 170 32 231 39 316 
6 325 88 192 91 147 
15 290 46 336 66 467 
12 346 15 317 47 327 71 418 
15 319 18 173 66 81 
15 340 19 162 44 440 57 454 90 268 
15 356 18 482 34 299 82 275 95 152 
15 370 61 92 61 368 94 93 
15 380 
11 57 15 393 93 471 
15 404 54 405 
15 419 
19 76 
76 445 
1 34 15 441 82 83 
15 454 

38 182 47 93 54 255 89 172 
2 114 94 226 
11 196 11 476 16 14 25 163 
16 36 74 320 
16 52 22 159 35 110 98 80 
16 68 70 113 94 260 
16 73 34 265 40 469 

16 95 93 208 96 173 99 394 
5 430 16 99 50 419 57 134 57 450 
16 115 20 421 64 260 71 352 
16 118 81 393 85 333 
16 140 
16 147 28 242 33 190 43 122 73 1 76 131 
7 399 45 320 65 324 81 17 82 341 92 212 
16 154 18 31 

16 179 36 425 43 292 56 354 80 65 
56 326 86 377 

16 199 45 121 86 322 
16 200 50 238 57 363 67 439 
16 207 60 212 75 334 90 156 
14 131 16 212 74 417 
8 339 11 475 16 215 20 87 83 289 
39 483 81 467 
13 144 44 269 83 422 
7 183 49 142 92 463 
16 284 
17 107 
7 448 16 313 74 373 
40 15 77 145 
16 357 18 292 40 485 
9 110 16 359 48 25 
16 376 25 501 72 259 79 150 
16 383 87 113 
16 397 41 439 
16 400 
16 410 
16 415 
0 197 8 135 16 419 32 270 
16 425 26 334 83 147 
16 436 42 190 97 413 
16 442 66 136 
22 75 64 30 68 468 
10 66 16 462 64 337 
16 465 48 305 69 231 
16 485 45 438 80 354 
17 9 93 335 
17 19 48 448 57 382 
17 25 
17 27 59 48 64 93 
38 306 
17 39 60 285 67 165 
17 72 84 326 
17 77 35 50 54 203 61 424 
2 181 17 79 39 48 
17 84 54 246 71 126 83 12 
2 237 
1 12 17 118 84 124 
17 128 
17 145 
17 171 
3 15 17 198 
10 421 17 202 89 421 
3 453 17 213 18 169 81 40 
2 224 2 347 17 245 66 397 99 340 
17 252 20 354 60 155 

7 34 11 451 17 262 51 34 55 114 68 133 
1 432 96 231 97 427 
17 265 44 468 99 140 
11 69 17 268 78 388 
0 83 5 308 17 272 25 503 40 468 72 412 
17 283 48 471 
17 287 47 218 92 330 
3 209 17 292 89 126 
17 307 60 9 
17 319 27 395 31 204 84 314 
15 74 76 144 
5 45 17 342 38 45 71 422 
6 41 17 345 29 174 46 164 
8 80 17 350 31 57 
17 371 45 464 58 197 62 371 64 194 90 475 
7 371 15 179 15 256 17 381 71 52 71 245 91 31 
0 95 17 385 
17 394 35 21 91 181 
17 413 39 360 88 173 
17 422 74 71 76 13 
17 423 53 295 
13 435 14 377 17 438 
17 458 82 287 94 361 
17 463 41 8 
17 468 30 374 

17 476 24 434 29 166 54 286 
16 65 
17 479 
1 115 4 494 10 297 17 483 33 197 
17 498 96 298 96 411 
18 1 
26 373 34 193 58 342 77 392 
4 2 18 34 57 182 86 498 
18 43 24 201 39 314 48 173 98 144 
18 50 75 221 
65 422 93 417 
27 312 95 148 
18 64 29 416 
2 488 7 236 18 93 23 170 
18 119 
32 458 33 187 
18 207 66 301 90 181 93 256 
9 506 18 210 88 164 
18 240 45 127 98 225 
92 382 
94 189 

34 448 
7 120 14 163 
18 337 80 474 83 310 94 72 
7 326 13 85 69 457 89 413 
18 348 93 189 
56 164 72 141 83 104 93 318 
9 275 18 364 34 243 65 15 
18 376 22 250 
18 399 97 241 
1 146 11 35 18 429 29 254 90 204 
18 433 43 66 57 223 65 78 
18 444 
9 383 
18 456 83 114 
18 481 
15 356 18 482 34 299 82 275 95 152 
18 486 92 397 
19 5 
14 499 58 65 84 139 98 400 
16 156 19 55 82 153 89 220 96 486 
34 261 72 99 
19 60 45 52 
9 477 19 91 22 89 40 213 
19 108 94 229 
2 108 19 110 34 20 53 89 56 162 
1 366 4 100 18 7 20 420 66 427 81 493 93 159 95 424 
19 146 69 417 
15 340 19 162 44 440 57 454 90 268 
19 164 
19 170 
0 474 19 174 51 269 81 215 
19 186 49 416 55 189 
25 90 69 501 88 129 
23 65 69 482 
19 223 91 296 
19 244 52 362 
19 255 50 156 
2 43 19 307 92 474 
19 313 78 301 84 128 93 385 
11 84 74 307 
16 124 19 323 79 229 87 368 
43 216 44 153 87 141 
19 355 30 53 
19 357 34 361 
3 198 19 358 71 369 92 373 
19 367 
19 380 41 155 64 248 
19 428 
16 377 19 437 
17 358 77 108 94 42 
17 437 20 6 62 251 74 212 93 446 
23 35 61 40 
20 42 
20 47 20 331 
20 57 52 468 
20 67 28 52 
7 364 20 72 94 15 
20 76 
20 80 55 332 
7 393 20 111 23 210 89 335 91 16 
0 325 20 113 56 324 
17 435 20 135 93 264 95 39 
20 151 88 5 
14 488 18 306 20 156 35 471 
20 160 34 407 41 65 98 379 
20 167 34 295 59 215 
10 390 20 171 
20 182 53 51 
13 112 15 126 20 185 43 341 49 431 77 441 94 384 
20 197 34 309 
20 207 23 432 26 243 65 272 87 101 
20 214 44 77 49 296 

14 20 20 235 84 4 98 161 
20 238 
2 301 17 318 
20 248 70 181 
2 260 5 8 24 276 76 120 91 500 
63 286 
6 161 20 262 82 6 92 357 
16 207 60 212 75 334 90 156 
4 357 20 282 
20 296 
20 300 61 50 71 462 81 380 
20 303 
54 451 
20 329 82 416 86 401 
20 344 40 206 96 399 
20 348 71 110 
1 341 35 338 56 28 75 435 99 463 
7 181 20 358 34 369 64 301 
3 57 5 187 20 385 
20 389 99 367 
20 399 79 33 
20 422 67 55 
20 433 70 187 
20 442 59 320 
20 448 32 257 44 107 82 121 
10 145 20 479 62 270 74 266 80 344 
14 259 20 487 40 117 63 477 
21 23 68 371 77 501 
21 31 53 163 
8 127 21 47 23 45 
21 57 
21 70 67 82 
21 85 64 158 79 71 
17 302 21 88 27 353 61 188 72 255 
21 91 
21 100 48 13 57 291 84 385 
2 329 10 449 21 160 
13 355 94 413 
21 175 65 201 
15 279 21 185 
21 188 25 58 33 71 67 120 98 92 
21 192 92 334 
4 301 21 235 
21 238 25 26 51 358 
21 240 74 192 92 439 
7 479 21 245 22 32 28 2 60 133 79 245 95 270 
21 249 31 99 53 198 
19 9 21 282 21 431 
13 322 21 284 85 97 
21 288 80 372 90 340 
21 303 
21 310 45 172 77 493 82 226 
21 329 
45 117 
21 348 34 357 66 35 
21 358 
21 369 37 317 41 350 65 369 87 117 
1 319 19 395 86 52 
2 272 3 3 12 85 21 377 36 51 47 150 83 82 
21 405 
21 406 29 380 80 135 86 91 94 67 
21 410 
21 423 61 158 
45 412 
21 479 40 14 59 471 65 111 99 476 
21 483 63 82 
21 488 60 225 80 173 
0 10 21 494 
21 500 35 317 76 99 96 446 
21 506 50 368 
21 509 22 152 34 209 51 443 
21 516 24 245 77 211 
22 20 25 8 
6 36 12 182 22 21 
82 281 
22 34 95 316 98 359 
22 35 
22 60 35 236 
6 294 11 48 22 72 
9 477 19 91 22 89 40 213 
3 383 22 90 67 321 77 430 
38 267 86 402 
16 21 22 116 
22 139 
22 148 71 96 86 166 
18 245 22 153 51 43 55 280 
22 154 31 309 32 371 
22 183 30 10 45 100 61 30 
22 209 33 331 77 9 87 372 91 496 
15 348 22 227 71 236 94 205 
22 228 27 65 95 27 
27 127 44 156 70 51 81 120 
22 276 36 150 41 480 82 20 
21 55 45 160 73 78 
34 186 68 323 86 105 
16 418 22 307 
22 342 
0 417 4 448 10 294 16 439 22 344 
2 122 14 13 22 374 75 147 76 8 78 239 
21 221 22 375 93 97 
22 381 94 232 
47 206 71 118 73 411 
15 23 22 451 92 144 96 125 
18 460 22 460 56 101 69 7 89 146 
22 479 63 353 73 48 74 161 92 419 
23 13 29 242 75 452 96 337 
6 282 23 31 38 237 
23 32 73 309 
23 35 61 40 
23 49 41 265 55 92 
58 129 80 406 
27 482 40 129 52 60 69 484 80 357 99 347 
23 77 36 183 
3 27 23 81 26 361 40 316 
13 414 23 90 23 361 99 379 
7 147 23 105 36 333 98 264 
32 158 56 76 71 196 91 413 
23 116 57 216 79 224 
23 122 
65 422 93 417 
23 134 
23 136 
23 152 23 365 89 312 
23 162 44 224 
23 172 59 491 98 153 
23 227 56 140 77 168 79 248 
8 467 17 469 23 240 
5 113 23 241 67 106 
23 254 91 163 95 13 
23 260 28 359 
23 263 56 301 
23 269 71 237 72 399 
13 334 23 286 

23 302 
23 308 93 150 
23 312 
23 347 54 465 84 456 
23 360 
20 224 
78 267 
0 292 23 455 62 382 
4 127 
95 443 
5 289 24 72 56 282 87 484 94 19 
24 79 32 139 63 79 
74 339 
24 126 51 472 
24 129 72 27 
10 49 24 140 
24 155 
14 429 24 159 
24 165 
7 206 23 27 24 168 68 121 98 208 
24 172 38 255 42 11 71 47 
46 170 
16 275 33 340 98 235 
5 340 68 32 84 218 
24 226 40 364 55 145 
1 412 24 236 38 394 
20 403 24 241 
21 516 24 245 77 211 
24 249 

15 413 24 279 
24 283 
24 287 
24 299 31 4 
17 142 24 312 38 91 49 476 
5 185 19 441 83 381 
9 499 10 513 24 319 43 39 49 44 53 525 
19 303 24 327 
62 8 63 146 
24 356 60 249 75 39 
10 160 38 144 66 373 
14 33 24 381 36 443 
24 393 88 458 
24 399 
18 250 24 400 51 187 68 422 70 388 
21 144 
10 60 32 374 40 164 59 30 78 139 
24 432 96 209 
17 476 24 434 29 166 54 286 
39 7 
18 172 24 462 
24 477 53 389 54 88 
20 335 89 294 
21 238 25 26 51 358 
25 49 
0 28 20 286 25 55 27 344 
1 489 76 47 92 162 
4 174 25 65 78 396 
25 93 82 147 
25 111 31 382 
25 114 37 322 88 37 
0 258 25 123 26 134 
25 157 74 228 
1 61 
25 166 87 270 
15 15 25 171 
90 452 
10 55 11 324 25 195 41 500 69 394 
25 228 58 477 66 282 89 496 
73 207 
68 238 81 435 
25 246 56 213 
25 259 74 163 
25 265 61 207 
25 266 
25 301 28 466 
0 244 
13 73 25 366 78 382 
25 375 52 107 75 181 
9 413 25 394 89 258 
74 337 80 50 
25 435 36 464 61 242 83 298 88 434 94 91 
25 437 72 462 76 248 
25 452 81 236 
17 429 
3 194 28 193 66 156 
25 499 57 311 
20 221 25 500 54 163 77 346 
0 83 5 308 17 272 25 503 40 468 72 412 
25 510 
26 22 
26 28 63 172 
3 13 26 34 36 163 68 252 
15 258 26 57 90 432 
26 70 
26 101 62 224 
99 108 
51 506 
26 127 75 253 
26 136 66 386 82 85 
91 375 
3 108 23 226 26 157 
6 201 20 441 26 160 
21 462 26 167 
11 372 16 92 26 181 
21 387 26 192 33 136 
18 285 26 211 39 32 
26 200 26 219 95 241 97 51 
1 450 7 443 48 115 48 214 82 419 83 294 
20 163 26 239 
14 0 26 246 37 235 
3 318 26 251 37 412 84 197 
13 139 26 264 
22 154 31 309 32 371 
26 278 63 202 
0 162 13 399 19 346 24 87 26 295 
37 130 38 384 55 463 89 183 
26 318 61 19 86 22 
0 31 26 319 85 342 
16 425 26 334 83 147 
21 416 26 335 36 232 
13 163 26 337 80 57 80 167 
3 27 23 81 26 361 40 316 
21 388 49 472 64 1 79 473 96 331 
17 153 35 350 56 453 
9 315 26 391 
7 140 26 392 
15 205 26 396 68 33 
17 159 36 88 46 114 82 484 
26 427 81 80 
20 470 26 440 44 336 77 241 77 475 91 139 
22 109 26 455 29 504 39 208 97 186 
27 10 
24 34 27 51 79 339 
3 482 27 60 48 350 
10 381 19 436 27 74 64 165 
8 191 11 157 12 435 24 197 27 81 80 321 
27 102 30 319 31 266 56 337 
7 16 27 114 47 441 95 294 
27 116 
27 122 
0 402 27 133 34 346 58 448 
2 270 27 157 
27 159 81 16 
27 163 75 194 86 28 
0 381 12 446 14 374 25 415 32 181 36 329 48 318 76 157 92 319 
27 201 48 287 
27 215 
27 224 81 331 
27 227 
27 246 
27 269 87 448 
27 273 28 17 40 25 66 472 
27 290 49 35 56 474 
12 20 27 300 45 145 

1 138 14 285 27 329 35 9 
12 195 27 332 91 514 
27 358 66 40 79 338 
16 295 43 92 
99 389 
27 460 83 366 99 486 
27 462 52 44 79 61 82 125 
26 276 27 475 
24 167 27 496 
28 6 42 39 
20 467 28 25 
12 277 28 42 72 237 
28 48 48 45 75 236 
20 67 28 52 
95 327 
17 296 28 89 28 168 
28 109 29 189 32 483 34 217 95 387 
28 113 99 154 
9 486 28 120 31 119 82 360 83 385 93 466 99 447 
28 148 30 251 31 137 44 384 68 230 
2 454 28 157 31 472 64 78 70 399 
29 182 
17 296 28 89 28 168 
19 210 28 176 51 394 63 433 
27 402 28 185 64 425 
28 210 60 140 98 504 
90 468 
28 218 39 226 39 306 
11 305 28 222 30 37 50 313 
5 330 28 254 51 309 
28 267 47 58 60 43 84 341 98 134 
28 270 73 225 
5 255 16 348 28 307 51 219 86 263 
27 370 28 313 79 454 86 59 94 112 
0 188 28 321 31 160 
28 322 
28 331 
28 337 41 33 45 380 
45 449 98 477 


3 287 28 393 28 410 46 506 
28 406 60 306 73 229 
28 413 82 409 
28 429 66 448 94 35 
28 451 30 11 
21 155 23 150 28 455 33 243 70 178 
68 393 96 222 
4 263 28 464 39 109 
25 301 28 466 
8 156 16 253 63 293 82 97 84 106 86 303 91 458 96 185 
12 320 28 487 
0 352 26 15 28 515 67 192 
28 531 84 303 97 302 
21 206 29 12 70 54 
26 113 29 17 81 365 
29 22 
29 34 52 171 98 86 
3 244 
6 331 8 506 42 396 87 210 
1 363 29 86 30 269 83 194 
29 94 61 433 92 361 
29 95 97 183 
29 101 
4 268 29 111 39 36 
29 141 51 154 59 36 77 253 99 248 
5 429 57 405 99 313 
3 237 35 90 
29 149 78 339 
29 157 
17 110 29 167 50 297 
22 20 25 8 
29 212 39 356 70 131 76 344 
6 475 29 219 92 378 
11 16 29 228 
29 230 31 230 38 363 
29 248 
29 251 
10 333 29 263 45 244 
29 276 30 413 73 255 82 364 
0 242 29 289 30 275 65 40 68 197 78 243 
1 220 29 296 
7 72 29 301 76 107 
29 304 

29 322 
6 290 9 113 85 474 90 348 95 273 
29 370 
3 105 29 401 
29 404 41 42 57 470 
29 412 80 382 
17 77 35 50 54 203 61 424 
42 97 
3 245 29 468 52 276 
12 461 24 203 51 213 54 5 

29 503 
22 109 26 455 29 504 39 208 97 186 
30 33 98 109 
0 129 49 88 60 151 86 50 88 201 88 291 
7 248 17 101 33 467 89 481 
30 66 46 465 85 461 90 13 
29 106 
2 481 30 80 46 251 
30 83 47 377 
30 96 
30 103 76 38 
30 104 37 406 98 291 
30 122 
20 374 63 2 
4 188 30 190 57 371 
30 198 51 419 64 236 
24 458 25 347 30 211 
9 489 19 300 31 349 85 37 88 27 99 113 
30 229 
6 371 30 236 62 444 
30 243 92 467 
30 247 68 104 
30 256 54 99 
1 363 29 86 30 269 83 194 
30 286 64 189 71 81 
0 209 30 299 33 217 71 498 
31 489 
30 306 34 281 
6 308 30 325 48 79 
4 491 11 88 30 349 47 167 
30 376 92 265 
6 167 30 388 80 202 
30 392 34 373 48 349 50 188 
4 71 12 224 55 143 
29 276 30 413 73 255 82 364 
30 415 75 17 89 386 
30 448 92 392 
11 161 13 97 30 467 79 209 95 137 
16 230 18 221 30 494 84 100 
28 419 29 491 30 498 48 112 52 490 60 303 
30 54 30 504 57 125 98 357 
31 18 40 342 89 448 94 127 
31 20 
31 26 33 94 34 410 96 276 
31 42 86 460 
31 70 
31 86 
9 142 17 275 31 96 
31 103 59 19 
31 110 
31 125 
28 148 30 251 31 137 44 384 68 230 
20 439 31 148 61 344 71 180 
4 134 22 445 31 152 38 251 42 435 59 339 69 323 69 427 
0 188 28 321 31 160 
31 165 85 469 
31 172 89 113 
31 217 44 49 76 458 
31 233 43 95 79 60 92 156 99 46 
2 101 91 252 
31 265 38 191 
5 367 14 202 31 273 
31 277 52 486 61 310 72 174 
10 116 31 303 33 450 38 263 74 444 93 74 
31 312 
12 264 31 317 56 264 81 387 
31 320 44 356 76 187 
27 346 31 329 58 454 
31 344 

31 358 56 375 99 97 99 255 
0 377 31 364 
31 395 33 287 58 93 69 331 
31 414 34 247 83 338 93 249 99 167 
12 461 24 203 51 213 54 5 
31 430 63 324 
13 236 31 432 43 423 46 266 54 134 87 251 
13 31 
31 444 35 199 
31 465 
2 454 28 157 31 472 64 78 70 399 
35 122 
31 486 42 269 71 143 84 264 97 174 
31 208 32 18 82 490 90 326 
32 21 52 43 58 333 85 242 
32 41 73 394 91 411 
32 62 37 238 38 158 73 422 
1 282 7 358 32 125 51 162 
25 79 32 134 50 348 
32 158 56 76 71 196 91 413 
32 164 48 234 60 356 75 62 
37 484 60 366 81 129 96 380 
0 381 12 446 14 374 25 415 32 181 36 329 48 318 76 157 92 319 
32 236 50 351 91 249 
20 448 32 257 44 107 82 121 
32 275 56 498 78 81 
10 78 32 278 45 36 
32 285 44 184 58 378 
5 234 17 383 32 293 
32 309 49 150 73 25 
32 335 66 473 75 88 
2 149 20 284 32 342 33 418 56 391 87 69 
16 447 32 357 
8 476 32 362 67 418 
41 130 98 17 
32 384 38 114 42 119 73 70 
46 67 54 324 
2 197 32 402 60 379 
32 406 47 79 49 460 
32 408 74 168 90 213 99 399 
7 81 32 409 62 92 71 153 71 167 
19 181 85 5 91 465 
17 317 32 432 
32 458 33 187 
32 462 38 300 44 450 
8 392 10 396 29 278 32 471 
32 476 
28 109 29 189 32 483 34 217 95 387 
27 314 30 418 33 5 
17 220 45 130 53 510 
27 349 33 13 98 320 
33 15 61 225 
33 34 57 323 
8 271 33 66 58 299 90 208 
21 188 25 58 33 71 67 120 98 92 
33 73 
33 84 43 242 
31 26 33 94 34 410 96 276 
0 340 56 402 99 431 
33 107 
32 297 33 108 
33 112 44 67 44 314 
33 123 
33 162 72 386 
33 175 55 248 69 40 77 115 82 357 
8 87 33 183 47 445 74 431 
62 142 
22 350 33 284 68 49 
13 75 33 296 75 348 
34 229 36 252 
22 209 33 331 77 9 87 372 91 496 
29 52 33 333 88 208 
27 151 33 336 
86 220 
96 111 

33 412 47 273 62 147 75 46 75 192 81 83 92 488 
2 149 20 284 32 342 33 418 56 391 87 69 
31 248 33 442 
33 461 79 84 87 32 

12 269 34 1 79 10 
8 267 34 19 
6 385 21 173 34 46 62 91 
22 189 34 61 85 125 
34 95 72 1 84 357 
33 220 88 171 
34 128 81 245 
34 138 
34 144 53 508 
34 156 34 159 83 84 
34 170 
34 181 65 113 
34 186 68 323 86 105 
34 197 
34 199 45 460 55 354 
34 222 94 240 96 186 
30 120 34 235 
25 416 34 239 65 440 
34 240 68 291 70 408 70 466 76 222 95 426 
2 468 34 241 
40 443 64 63 68 418 85 327 
34 262 85 192 
16 73 34 265 40 469 
1 122 23 357 73 374 
24 388 29 270 34 279 46 261 
34 292 36 247 62 357 90 406 
20 167 34 295 59 215 
27 464 34 332 46 137 
24 9 34 363 
2 435 26 7 34 367 36 90 
20 436 34 382 37 74 87 175 99 374 
34 388 
33 242 34 413 73 146 
62 39 83 275 
26 358 34 425 
22 99 34 431 43 469 
34 442 36 323 67 206 87 367 
34 444 79 102 
34 451 63 291 
5 66 29 185 48 439 58 143 
21 392 34 457 82 214 
2 262 26 164 63 179 91 186 97 335 
1 138 14 285 27 329 35 9 
35 41 
1 26 31 251 35 75 37 330 63 417 89 461 
35 86 46 325 51 143 69 63 
99 232 
35 126 
35 143 40 467 61 192 92 405 

2 146 2 497 14 460 35 169 
49 342 
35 177 38 32 69 379 74 151 
13 348 17 35 35 184 


13 461 35 265 
35 294 40 123 78 126 90 55 
23 137 35 311 39 132 44 274 73 433 
35 315 
6 146 33 59 
15 305 35 357 71 20 
23 236 32 182 35 361 58 222 
35 363 
5 38 12 55 19 192 35 369 
35 376 78 385 95 361 
35 387 48 351 80 139 
14 245 35 391 
31 399 35 432 
35 451 
18 380 35 458 
35 465 
14 438 38 187 
7 151 
34 206 36 17 38 18 61 450 
20 155 36 35 
10 338 36 37 41 78 
36 41 39 20 50 124 
6 410 24 270 45 125 46 353 
17 159 36 88 46 114 82 484 
36 122 
13 121 32 51 41 101 44 352 69 311 98 273 
36 159 55 199 
19 203 36 178 
36 182 
23 77 36 183 
22 443 26 226 26 273 36 196 73 250 
36 199 
12 78 15 339 36 207 63 242 
10 193 36 211 50 46 72 409 
3 312 36 228 
36 243 45 183 69 478 83 468 
36 244 
34 229 36 252 
36 256 
36 265 64 71 
6 485 9 214 36 266 50 43 82 380 83 191 
36 271 55 437 90 68 
18 56 36 275 47 70 
36 279 58 277 
8 203 36 292 97 365 
8 482 17 408 36 326 56 176 75 91 
27 23 36 336 
20 439 31 148 61 344 71 180 
36 350 69 77 
36 365 50 291 63 470 
51 217 88 127 
10 393 15 154 36 419 47 40 61 497 70 111 86 464 
14 33 24 381 36 443 
14 507 36 459 42 236 48 459 51 390 
31 161 31 334 36 462 
36 466 59 238 
31 105 32 353 36 489 
3 163 22 411 36 373 
6 332 22 243 37 21 
32 116 37 22 52 465 74 478 74 513 
27 118 93 188 94 44 96 87 
37 28 58 232 
37 34 
12 68 28 285 37 37 
37 41 56 379 68 235 68 414 
1 484 37 49 
32 297 33 108 
27 36 37 55 86 62 
0 15 1 378 37 57 85 295 99 128 
11 141 37 65 
37 66 69 308 
4 214 54 206 72 50 78 447 86 293 
14 292 36 445 91 273 
20 409 29 293 37 95 81 356 
37 97 49 294 84 492 
67 305 82 241 
21 196 39 258 
12 468 33 248 37 175 71 271 
4 133 37 188 
5 148 37 198 47 54 80 68 82 102 
92 180 
8 459 13 412 14 392 37 220 71 525 
37 240 46 168 
37 256 64 150 
37 261 56 433 
14 283 37 277 39 482 99 281 
96 455 

58 185 67 491 
29 130 37 328 72 374 
23 437 37 374 53 324 68 394 
24 479 37 386 
10 278 36 478 78 317 
16 65 
15 51 45 351 
8 166 37 438 65 53 
10 132 37 448 

37 506 
13 456 37 513 41 371 
37 517 80 340 95 30 
6 327 27 411 38 3 52 340 80 397 
34 206 36 17 38 18 61 450 
35 177 38 32 69 379 74 151 
38 74 43 108 54 194 57 179 63 452 85 387 
20 21 78 210 79 413 
2 81 
13 2 26 144 38 118 51 287 
21 254 29 124 38 140 62 318 
6 309 37 387 38 165 47 401 
38 175 74 32 
38 184 
14 438 38 187 
2 130 38 189 76 447 
31 265 38 191 
0 39 22 93 38 197 56 405 
38 215 96 325 
38 216 47 29 59 357 
29 64 38 245 38 450 
9 176 38 264 42 473 
21 89 52 422 69 220 
0 252 38 268 73 191 76 376 
24 42 
36 64 
54 144 92 197 
33 408 38 330 
5 352 25 235 38 344 54 91 77 13 
13 124 38 352 68 88 73 265 
38 371 98 167 
4 241 41 400 59 358 

38 408 51 353 67 335 97 316 
71 391 
38 434 85 148 
12 354 38 435 39 457 
13 393 38 438 70 474 84 60 
36 486 38 446 96 358 
29 64 38 245 38 450 
38 464 
35 234 38 475 64 53 
38 478 44 458 61 20 
16 292 39 3 44 480 78 473 89 467 
39 5 75 177 
8 195 39 9 56 160 72 53 
39 19 40 457 
32 122 39 37 95 217 96 376 
34 163 39 44 
39 70 57 457 68 168 87 451 91 372 
32 224 33 365 39 79 

39 87 61 446 
39 103 58 398 59 118 90 410 
27 297 39 125 
2 221 39 129 42 90 57 67 62 329 
23 137 35 311 39 132 44 274 73 433 
4 362 26 389 39 140 72 379 80 402 
39 144 95 146 99 331 
14 97 37 69 39 161 87 313 
69 315 
14 206 18 303 39 193 40 200 
22 109 26 455 29 504 39 208 97 186 
14 345 34 191 39 221 57 141 83 201 
3 38 39 227 83 205 
4 324 39 237 68 462 88 246 
7 108 39 283 48 66 
39 295 54 173 
39 304 
15 284 18 170 32 231 39 316 
82 37 
8 25 29 388 39 324 50 194 82 71 
0 191 22 208 38 287 39 340 
7 403 39 345 67 65 88 269 
39 358 
31 282 52 443 62 207 64 298 
15 39 39 368 58 223 64 42 
0 139 39 375 60 326 81 161 
7 411 
39 387 40 38 61 441 95 15 
13 443 39 394 90 19 
39 402 70 101 
39 412 59 9 70 450 
39 176 39 418 73 171 
1 376 30 422 39 443 
14 295 39 462 48 374 71 171 95 52 96 32 
3 429 63 14 
7 479 21 245 22 32 28 2 60 133 79 245 95 270 
39 504 53 440 60 284 
14 76 55 126 56 22 
40 16 
39 299 
40 47 62 327 
63 218 88 408 
40 65 
13 364 40 70 
40 78 
40 91 82 206 
2 12 3 19 34 17 40 94 52 27 93 143 
2 315 
40 137 42 204 
6 122 23 406 31 0 40 155 81 257 
11 209 25 15 40 196 53 374 
13 121 32 51 41 101 44 352 69 311 98 273 
6 415 37 31 40 253 66 382 76 389 
3 275 80 134 
37 488 40 276 81 256 90 416 
40 305 98 163 99 206 
1 237 40 313 52 426 53 378 
3 27 23 81 26 361 40 316 
4 200 16 340 40 318 50 341 79 157 
9 442 10 328 40 321 
40 322 58 0 
40 347 51 510 
40 354 49 202 57 19 
6 232 25 95 40 358 
40 391 46 102 52 232 70 425 
40 424 87 389 89 477 
40 434 75 304 95 218 
51 45 
41 224 51 439 96 409 
33 476 51 272 
40 493 82 332 
13 22 24 404 40 502 48 48 63 226 66 292 99 84 
41 14 77 268 93 108 
8 204 41 24 
8 363 12 279 27 350 
41 40 
41 43 71 281 80 212 
39 288 41 46 
41 54 
10 338 36 37 41 78 
27 380 41 90 
41 99 54 471 
41 130 98 17 
5 347 41 131 
41 133 67 470 68 482 81 397 
40 367 41 150 
41 151 58 218 97 336 
19 380 41 155 64 248 
23 281 41 166 70 435 89 428 
23 85 41 170 64 142 
33 272 41 188 
5 359 41 202 87 321 
2 443 17 260 36 109 41 207 
94 145 97 224 
0 420 41 280 
37 343 41 301 

67 305 82 241 
5 486 12 396 13 257 26 9 41 315 51 72 53 228 
41 333 93 6 
29 427 35 44 75 399 87 348 
41 396 52 59 
41 417 48 31 
22 120 62 133 70 403 
41 430 
41 449 85 187 92 182 
41 494 
10 197 42 26 
1 118 3 372 10 71 41 221 42 50 
24 85 42 75 71 522 75 171 
42 86 
10 171 42 125 55 247 
1 303 42 130 
30 26 42 151 79 290 79 354 80 228 94 435 
14 65 38 126 42 166 78 451 88 81 
42 168 59 204 
6 189 31 94 42 169 
40 137 42 204 
42 205 52 475 
42 207 55 294 78 269 
7 343 15 165 42 208 71 22 76 90 
0 210 42 211 53 458 57 92 
16 33 29 38 42 228 60 93 66 161 93 65 
14 507 36 459 42 236 48 459 51 390 
42 243 72 226 
3 10 42 296 
21 513 30 285 
42 308 86 236 96 475 
2 383 10 377 29 384 42 321 51 349 
42 335 69 59 
6 453 9 333 42 343 71 2 
42 347 60 65 97 446 
58 39 
12 173 30 132 32 185 42 369 59 240 
35 107 42 377 
22 80 42 391 44 93 
3 211 42 476 44 207 76 323 
42 493 67 457 
32 473 43 4 
4 233 33 202 39 30 43 11 66 477 
43 12 45 501 94 329 
22 277 36 435 43 56 47 185 73 133 77 139 
34 115 43 83 
31 362 43 98 49 282 54 307 56 54 60 186 
14 249 43 100 92 15 
0 461 4 175 16 288 60 170 94 177 
81 104 
0 319 63 208 69 383 88 117 
27 383 43 129 67 137 89 339 
7 391 43 133 
38 5 43 139 
43 88 
43 153 

43 165 97 185 
38 444 43 183 
0 141 43 197 
40 147 43 207 55 286 56 5 59 492 61 323 79 287 
43 221 74 157 77 331 
43 228 45 76 77 305 79 191 
43 246 68 325 83 393 
17 479 
43 286 
16 179 36 425 43 292 56 354 80 65 
7 241 43 301 74 364 87 314 
8 300 21 159 
43 310 51 30 70 305 75 140 79 437 
9 361 
27 205 43 363 84 450 
43 372 94 389 
43 379 52 42 90 458 
9 358 43 398 48 163 
16 320 33 146 53 211 74 152 84 397 
69 300 99 350 
42 94 43 434 61 120 
43 462 
43 480 
8 166 37 438 65 53 
44 10 67 298 89 344 93 280 
44 11 
41 311 44 27 
9 374 30 239 44 36 45 119 70 443 91 143 
31 217 44 49 76 458 
0 410 14 482 44 58 45 144 55 98 
0 431 3 399 4 149 15 221 44 79 
44 189 76 25 92 74 
21 27 
3 211 42 476 44 207 76 323 
44 263 
44 267 
13 144 44 269 83 422 
19 28 44 270 
33 461 79 84 87 32 
44 285 66 88 95 344 
7 319 44 320 49 89 72 487 93 178 
44 324 
26 377 44 325 67 196 83 160 
83 96 84 404 
40 480 44 339 99 464 
13 121 32 51 41 101 44 352 69 311 98 273 
44 390 68 200 
29 346 44 393 

36 20 44 401 51 381 68 20 91 240 
44 408 
39 110 44 411 
10 519 15 129 44 439 
44 443 67 69 
4 199 27 433 44 453 78 294 
44 474 57 381 72 216 84 424 
16 292 39 3 44 480 78 473 89 467 
5 242 45 25 50 414 83 321 
45 27 
45 39 
35 117 45 68 55 385 83 5 
45 85 83 277 89 416 


3 81 3 119 32 19 42 495 45 108 85 408 87 212 
14 464 45 142 47 444 90 11 
12 20 27 300 45 145 
45 155 46 375 51 341 
4 192 10 95 45 166 99 473 
44 390 68 200 
13 304 45 173 60 57 
26 465 45 175 
45 195 61 294 65 251 
10 32 45 201 

6 239 45 228 46 225 56 445 
45 233 74 361 93 347 
1 286 9 26 45 283 72 403 
5 415 41 378 45 295 96 461 
48 367 51 124 77 274 
17 149 45 310 81 206 
45 315 47 136 
45 319 53 538 58 443 
29 133 39 128 45 331 68 458 
15 51 45 351 
45 355 
31 30 40 441 45 388 
11 279 12 140 45 390 59 464 72 338 
3 254 8 487 45 402 90 121 
13 206 83 425 
3 409 62 386 80 32 
16 485 45 438 80 354 
15 412 45 453 
1 68 30 395 45 468 
45 475 65 232 
46 1 
20 137 67 71 97 298 99 254 
9 7 40 194 88 51 
46 35 90 269 
46 39 82 84 
41 444 46 51 
7 463 16 20 46 60 52 453 
46 62 
36 453 46 66 53 385 58 325 
46 67 54 324 
33 363 68 261 
1 359 45 94 46 115 65 406 
9 463 25 237 46 120 
63 361 72 405 92 112 
46 170 
25 337 46 171 
46 194 75 367 
34 337 46 201 58 273 81 401 
46 203 69 45 76 414 
23 347 54 465 84 456 
31 168 46 235 65 52 68 51 
21 75 23 38 30 292 97 79 
13 177 46 303 

27 72 39 379 46 321 50 252 77 310 86 25 91 194 
37 139 46 490 
46 335 64 47 
15 290 46 336 66 467 
46 348 98 68 
19 279 46 363 72 368 
25 203 46 392 74 433 
24 429 46 300 46 416 83 207 
46 425 58 214 
44 84 46 433 
9 395 46 468 
5 300 46 472 91 94 95 62 
46 476 79 373 
3 287 28 393 28 410 46 506 
9 146 19 100 43 28 46 509 66 280 90 425 
47 4 
47 5 
47 9 

47 17 91 508 
47 19 48 49 55 480 58 13 83 74 
30 337 47 24 74 246 
30 178 47 38 79 230 83 136 91 436 
2 122 14 13 22 374 75 147 76 8 78 239 
1 137 1 223 47 46 51 453 
78 411 
12 120 47 77 77 119 
32 406 47 79 49 460 
47 97 52 86 57 143 68 372 
5 46 43 403 47 107 
23 233 47 119 

47 164 56 468 76 444 
47 170 
47 189 
47 199 54 424 61 48 
4 419 26 413 47 202 89 185 
47 206 71 118 73 411 
19 120 47 210 55 445 
47 214 65 301 
47 229 
47 251 
36 399 47 257 
27 325 47 265 75 454 85 197 96 176 
33 412 47 273 62 147 75 46 75 192 81 83 92 488 
39 453 47 317 
78 437 
47 324 
4 89 13 468 47 325 68 433 98 119 
47 334 56 211 82 210 92 339 
12 99 47 353 64 357 83 33 
28 12 47 358 53 71 
47 362 
4 238 16 169 47 364 71 365 74 27 84 364 88 409 
2 224 2 347 17 245 66 397 99 340 
12 297 14 485 47 395 84 17 
47 399 88 112 94 431 
47 404 
40 334 47 415 93 452 
12 149 47 419 48 364 
47 128 47 424 
29 449 47 427 65 124 
5 207 15 374 19 309 47 435 63 390 68 426 99 184 
7 16 27 114 47 441 95 294 
48 342 57 55 
26 255 47 448 
4 326 23 198 47 473 83 232 
45 457 62 455 78 29 
53 418 
43 254 47 481 59 14 
22 378 47 493 63 259 
47 498 51 200 
47 508 
46 344 47 500 48 0 53 364 98 157 
27 147 48 7 50 186 62 358 83 267 
21 100 48 13 57 291 84 385 
24 51 63 232 78 314 89 140 
41 417 48 31 
48 40 53 120 
13 46 48 55 61 418 81 430 83 440 
19 159 48 60 66 447 80 393 
40 177 47 241 
34 113 42 249 48 73 49 363 75 420 
48 76 50 267 50 294 
48 81 79 106 
48 88 
22 123 48 107 49 116 
49 401 
36 282 48 125 54 3 80 355 
14 82 48 136 
91 179 
48 148 89 308 98 151 98 490 
7 253 8 422 48 162 95 404 
9 358 43 398 48 163 
18 5 48 192 
40 54 48 193 
48 217 
45 113 48 227 61 87 
26 123 48 230 
48 235 91 10 
7 455 37 9 
48 259 90 59 
48 267 57 113 59 300 
47 155 48 278 
48 282 94 185 
16 261 75 238 
4 399 48 314 77 325 85 223 
36 472 48 320 70 379 
86 108 
48 348 64 285 82 144 
3 482 27 60 48 350 
48 367 51 124 77 274 
10 195 48 378 52 328 81 472 
48 395 
5 393 31 242 33 85 48 420 
5 66 29 185 48 439 58 143 
48 457 53 181 
30 180 48 465 77 197 
50 281 85 130 86 394 
17 283 48 471 
28 58 48 474 55 276 
11 195 48 481 60 234 
49 17 
39 343 48 338 49 23 
9 116 49 27 

49 71 
6 356 10 35 18 438 49 102 78 20 80 414 
67 1 

23 98 24 367 29 360 49 130 91 367 
38 284 77 424 88 172 
14 346 
7 183 49 142 92 463 
7 238 17 132 25 380 47 504 49 146 
49 162 92 192 
31 493 45 185 49 182 
13 484 18 452 49 193 67 205 75 190 82 156 
22 2 25 396 49 199 83 93 
49 236 56 88 61 342 
49 241 82 255 
32 71 49 262 93 110 
49 271 70 28 94 102 
26 171 46 232 49 272 52 368 91 265 
42 389 49 283 78 372 
46 413 49 309 53 261 
11 270 85 3 
49 348 51 238 
23 13 29 242 75 452 96 337 
49 359 
39 154 43 382 49 370 83 75 
44 489 92 289 
15 82 49 373 85 177 
49 391 88 132 98 486 
16 98 29 120 49 392 58 172 
49 401 
26 327 31 60 49 404 76 189 80 316 
49 408 
49 424 61 281 88 166 
19 425 49 429 60 333 62 241 71 62 
42 477 49 454 71 400 
31 11 49 466 77 166 
32 96 
26 278 63 202 
49 481 69 252 
34 341 40 136 49 483 65 167 
50 6 74 231 81 1 84 449 
50 13 72 178 73 346 89 89 
38 36 50 36 
50 40 
50 50 
34 406 46 218 50 53 70 185 79 311 85 358 94 284 
50 94 59 306 
16 344 50 98 99 321 
50 119 
40 160 50 127 93 427 
5 466 29 7 35 244 
5 327 50 176 

68 367 
22 64 74 305 
17 499 50 217 
50 234 56 294 
16 200 50 238 57 363 67 439 
37 113 50 268 
50 274 71 108 
9 79 17 157 50 278 54 79 62 161 85 285 
48 76 50 267 50 294 

9 411 24 262 50 300 
20 97 93 8 
11 239 50 309 88 265 
39 277 42 404 50 314 86 121 
13 106 50 328 
46 381 
40 443 64 63 68 418 85 327 
13 400 50 365 71 61 
50 101 50 369 
15 215 19 24 50 391 82 429 
31 378 50 408 92 103 
50 410 60 407 66 216 68 112 
8 493 50 422 81 376 
10 412 50 451 56 288 62 97 73 478 

38 172 50 482 61 127 77 476 
24 21 50 493 89 417 
12 72 32 345 43 232 47 467 51 2 77 59 
51 5 57 157 
75 94 88 345 
51 21 65 243 
19 342 51 46 
8 188 

36 149 51 87 79 479 
7 273 51 92 
3 30 24 17 70 143 
24 112 50 198 51 110 
51 137 59 294 73 384 
13 17 51 148 90 423 
60 121 
0 349 13 488 35 290 51 179 
14 350 49 389 51 183 
51 217 88 127 
51 221 85 458 

45 12 51 249 
40 284 51 255 78 128 
8 232 61 501 
13 2 26 144 38 118 51 287 
99 215 
4 263 28 464 39 109 
51 316 64 8 
45 213 54 278 57 133 
51 328 
22 388 49 457 50 133 87 95 99 250 
21 123 51 348 80 85 
21 238 25 26 51 358 
9 223 28 366 74 184 
51 375 77 149 94 179 98 202 
4 322 60 370 
11 258 13 429 21 9 51 406 54 198 62 311 
46 64 51 425 
41 224 51 439 96 409 
4 60 51 499 
44 465 51 503 

2 12 3 19 34 17 40 94 52 27 93 143 
83 379 
52 79 
87 28 
50 372 52 112 93 477 
52 122 55 150 
28 267 47 58 60 43 84 341 98 134 
52 164 88 318 99 328 
52 168 
0 320 24 77 52 176 
8 142 52 177 89 382 
52 183 
52 194 
52 197 62 218 98 74 
17 99 17 138 52 205 73 192 
28 51 52 210 73 412 
47 368 52 212 79 475 
52 220 92 434 
23 462 31 438 43 19 52 229 58 310 
40 391 46 102 52 232 70 425 
10 220 18 441 52 239 
36 222 52 269 
2 481 30 80 46 251 
52 285 70 235 
52 323 85 62 
1 335 52 326 57 90 
6 217 20 16 52 334 
24 362 52 336 56 382 72 260 
13 225 52 339 
20 350 52 354 56 352 78 305 
27 3 30 258 52 370 87 265 
6 218 52 377 95 209 
52 380 
89 203 
52 395 80 161 92 326 
44 365 52 398 95 145 
24 436 52 403 
24 341 50 158 52 471 
42 205 52 475 
52 482 
31 277 52 486 61 310 72 174 
37 521 73 162 
22 241 52 494 86 440 
16 386 47 12 53 7 82 73 
30 364 53 44 75 296 83 333 
13 51 53 74 67 372 
8 386 24 222 31 445 48 21 53 83 
35 18 47 486 53 86 80 142 
2 108 19 110 34 20 53 89 56 162 
5 251 
53 97 
53 106 62 423 
20 461 50 431 53 108 97 279 
10 142 53 132 70 124 
14 30 37 129 53 172 91 314 96 355 
53 178 98 233 98 368 
4 107 53 188 80 258 
16 320 33 146 53 211 74 152 84 397 
3 407 53 227 66 196 
61 255 63 442 75 346 
27 237 53 265 72 183 75 463 
22 173 30 495 53 316 86 171 
38 373 53 325 
17 279 53 341 95 78 
7 348 9 197 53 361 
1 91 53 363 68 289 

7 255 29 354 53 405 76 80 
31 209 
53 419 57 353 82 389 
53 331 83 491 
4 334 13 390 49 178 53 435 60 216 
3 26 53 446 
0 109 53 454 61 407 93 219 
45 7 53 475 
15 192 18 227 53 493 
29 385 42 145 48 344 53 495 73 290 
25 401 53 517 87 66 99 236 
53 524 78 136 
71 305 85 401 88 435 
53 530 
45 238 70 445 
12 461 24 203 51 213 54 5 
54 37 
54 41 60 52 70 345 85 433 
41 162 54 47 59 331 72 464 
5 350 47 304 54 55 60 430 
19 34 40 246 54 76 91 4 
17 37 54 81 
24 477 53 389 54 88 
54 95 64 54 92 432 
9 119 47 286 54 114 
0 255 20 153 54 131 76 234 94 366 
54 144 92 197 
2 141 8 187 54 148 94 100 
22 83 26 168 27 123 27 406 66 389 
54 190 
54 211 65 446 81 298 
4 478 54 219 80 449 85 266 
29 145 54 230 
31 385 54 237 56 424 
20 451 21 373 54 238 
38 182 47 93 54 255 89 172 
45 213 54 278 57 133 
52 154 54 288 
54 315 77 153 
1 102 54 350 
54 370 76 37 
54 372 
17 456 36 74 40 497 54 381 
4 38 36 89 53 121 54 420 90 130 
32 381 48 402 54 435 
54 442 
1 270 3 379 16 143 53 430 55 13 65 51 67 168 81 74 83 443 85 384 
55 17 60 267 
65 410 
21 242 78 285 
73 145 88 448 
33 352 54 400 77 450 87 180 
40 317 47 280 55 47 68 226 92 356 
55 71 
46 47 55 93 

30 407 42 179 
8 82 31 443 55 110 63 401 
21 274 55 119 94 443 
23 9 29 132 55 129 98 214 
0 32 55 144 
5 124 55 153 
34 82 41 467 55 165 64 222 68 428 79 9 
31 34 54 176 58 68 85 420 
41 434 55 173 96 180 
3 72 3 92 55 179 65 178 88 296 
30 339 52 321 
11 9 55 183 55 204 
55 195 60 460 
41 370 55 198 61 31 85 103 
15 184 32 390 55 201 72 426 83 244 
14 474 70 451 88 470 
55 218 
2 9 55 240 82 223 

33 175 55 248 69 40 77 115 82 357 
40 147 43 207 55 286 56 5 59 492 61 323 79 287 
39 91 53 154 55 33 55 302 
55 310 83 448 92 364 
55 312 
7 427 55 315 56 305 
45 137 55 319 84 7 
55 329 
2 342 41 76 46 87 55 356 76 152 
10 311 12 0 55 364 67 75 73 9 92 57 
21 11 55 369 
1 85 23 19 23 133 55 395 85 59 
17 21 53 230 55 413 
52 98 69 70 74 131 
20 71 24 463 55 453 73 248 
0 194 55 458 72 468 98 148 
55 474 88 84 
15 232 55 476 64 489 

2 357 56 2 
1 341 35 338 56 28 75 435 99 463 
9 234 26 323 56 38 
56 42 57 384 
26 387 56 45 
31 362 43 98 49 282 54 307 56 54 60 186 
24 341 50 158 52 471 
56 117 
33 44 56 134 
9 481 56 145 71 301 
2 108 19 110 34 20 53 89 56 162 
15 80 56 178 63 35 
4 342 56 182 61 360 80 381 
1 455 56 186 
27 58 56 194 
21 104 47 263 49 197 
56 231 89 494 97 411 
38 267 86 402 
11 305 28 222 30 37 50 313 
1 128 56 270 58 393 
15 188 56 290 65 16 
21 498 56 300 
84 49 
16 179 36 425 43 292 56 354 80 65 
23 385 28 14 54 186 56 355 
28 317 56 370 
56 374 
41 271 54 67 56 388 91 122 
0 403 46 257 48 414 
26 69 48 154 56 422 73 389 
2 430 67 327 
56 428 
37 261 56 433 
19 68 30 112 55 305 56 441 
56 463 
7 42 56 470 79 54 
3 269 24 371 56 358 56 471 58 29 
27 290 49 35 56 474 
5 458 19 153 57 18 85 335 
35 482 57 23 67 175 71 99 74 472 

52 156 57 70 
8 432 41 498 57 82 
99 425 
1 335 52 326 57 90 
55 266 99 50 
0 463 44 377 
0 416 46 386 57 99 81 126 
6 293 57 109 
27 262 27 470 57 115 66 204 93 398 
30 54 30 504 57 125 98 357 
57 137 70 453 95 470 
4 34 7 318 30 373 
19 320 22 66 50 376 57 165 83 493 87 139 
98 12 
57 189 75 451 80 6 88 263 
44 89 57 217 86 179 92 307 
0 133 47 141 57 221 79 382 
57 233 65 268 
17 454 57 239 
46 211 57 262 
71 106 
43 34 51 203 57 266 84 236 
57 278 90 350 
43 145 57 287 
57 306 
19 424 57 336 89 451 
11 80 15 315 26 3 
57 359 97 196 
4 188 30 190 57 371 
44 474 57 381 72 216 84 424 
17 19 48 448 57 382 
56 42 57 384 
43 145 57 287 
42 448 46 179 57 394 59 178 
15 290 46 336 66 467 
57 467 
47 19 48 49 55 480 58 13 83 74 
58 39 
57 437 58 46 76 20 82 57 
50 417 58 49 78 92 95 333 
34 230 58 56 61 274 79 53 
10 200 29 324 58 75 68 140 
58 114 
46 351 55 161 58 139 
23 147 30 91 46 33 58 157 
6 4 58 164 
58 173 65 426 
17 504 84 122 89 447 
17 371 45 464 58 197 62 371 64 194 90 475 
38 428 58 205 
48 41 54 146 
58 269 92 247 
18 184 44 123 58 283 
58 307 80 229 80 431 94 351 
7 373 18 450 44 75 58 311 
58 322 
18 369 
26 373 34 193 58 342 77 392 
8 289 24 212 58 356 
37 404 58 360 65 362 95 261 
6 0 26 133 58 367 
71 106 
1 128 56 270 58 393 
58 406 
58 413 
58 417 
49 441 58 428 73 378 84 46 
58 430 62 129 88 401 94 309 94 422 
0 402 27 133 34 346 58 448 
24 35 40 425 43 296 58 452 
56 34 58 459 77 455 
6 11 58 463 62 85 
9 28 58 467 84 253 97 407 
5 432 
42 158 59 18 63 289 78 227 
10 298 33 121 59 33 
59 38 
5 290 66 424 
7 483 42 285 59 53 65 279 
16 474 18 371 59 70 67 59 80 93 92 297 95 7 
46 296 59 82 66 283 
31 333 40 481 
24 239 59 102 76 176 
59 108 
5 204 59 111 91 1 
43 384 45 479 59 115 99 219 
59 119 87 415 
0 448 59 121 66 369 
15 429 38 59 59 129 
22 161 59 138 77 383 80 191 91 364 
2 208 59 185 60 369 
9 329 
59 197 
40 151 59 201 62 15 68 72 74 485 
59 212 
14 444 
9 442 10 328 40 321 
23 225 59 289 
51 137 59 294 73 384 
5 299 26 312 59 296 75 212 86 348 
34 155 59 273 59 297 63 460 81 203 
48 406 80 365 
59 312 
7 145 11 499 59 315 60 478 
59 328 68 29 88 30 
6 88 59 348 78 405 
42 222 59 354 95 156 
59 386 63 345 
17 249 28 234 85 353 
59 403 82 488 84 160 
59 407 
59 408 99 228 
37 83 59 414 94 358 
28 68 59 426 82 33 
36 417 59 435 93 425 
46 410 59 449 67 375 
46 16 59 451 85 120 
46 360 61 333 64 60 
22 77 95 500 
60 8 64 479 
16 397 41 439 
7 54 60 37 74 394 
60 79 
60 80 
28 210 60 140 98 504 
0 129 49 88 60 151 86 50 88 201 88 291 
35 60 44 221 60 153 75 183 84 62 
60 188 
1 393 23 377 60 195 97 28 
60 200 80 27 
60 223 78 354 
21 488 60 225 80 173 
28 100 59 159 
7 219 14 342 60 262 
0 406 15 367 50 115 
2 32 12 235 60 265 

39 504 53 440 60 284 
2 82 60 299 77 280 86 317 
72 16 
38 65 52 259 60 322 93 112 
60 346 96 75 
15 147 60 349 
60 355 
53 276 60 373 82 482 94 135 
60 392 
60 394 96 460 
60 399 63 312 
5 344 5 384 17 180 60 403 87 404 
60 424 
0 330 46 80 60 435 
50 455 60 438 65 227 
16 61 60 441 
48 190 60 467 62 359 
61 13 99 209 
61 16 73 195 89 437 
38 478 44 458 61 20 
61 35 
20 175 61 56 94 320 
1 178 61 68 69 25 71 211 
62 34 89 244 
9 198 59 431 61 123 
20 456 61 125 
38 172 50 482 61 127 77 476 
15 72 29 192 36 360 61 128 77 302 
42 114 61 132 81 91 
15 296 61 145 63 189 71 262 
5 62 46 193 
36 407 38 63 61 182 
35 143 40 467 61 192 92 405 
20 136 23 266 28 164 61 193 
0 279 12 5 41 451 61 198 77 449 81 426 
25 265 61 207 
20 57 52 468 
47 454 53 300 61 214 
61 229 
18 225 27 142 61 254 
54 390 
30 216 61 298 
31 277 52 486 61 310 72 174 
55 271 61 314 
61 318 
29 502 49 128 61 322 
55 397 61 347 
61 350 73 335 84 23 
46 175 61 354 70 417 
19 226 54 258 59 163 61 367 95 55 

28 243 42 60 54 269 65 441 
60 179 61 392 92 471 
1 292 33 437 52 393 61 405 72 331 75 107 85 159 85 377 
37 98 52 10 93 238 
45 427 
41 424 59 106 61 429 86 217 

99 443 
21 42 61 468 94 427 
17 298 61 474 75 148 96 63 
10 393 15 154 36 419 47 40 61 497 70 111 86 464 
32 338 61 499 
29 330 82 411 93 413 

3 308 35 210 38 357 72 82 
62 39 83 275 
23 246 62 54 94 453 97 23 
0 206 62 55 75 303 
62 68 
28 497 99 12 
6 385 21 173 34 46 62 91 
7 81 32 409 62 92 71 153 71 167 
10 187 31 374 56 48 62 103 
43 70 62 122 65 421 90 300 
73 436 
62 178 71 209 84 61 
38 458 62 188 63 241 91 336 
62 200 86 368 
62 232 89 408 
42 253 
30 455 62 247 62 465 

15 208 62 258 
17 364 62 266 79 461 86 181 
21 273 30 491 36 40 66 38 
49 475 62 285 

8 320 62 307 81 222 82 187 
4 113 9 414 24 435 62 315 63 362 73 475 
40 47 62 327 
42 485 
39 80 67 139 74 44 
29 333 62 350 
27 147 48 7 50 186 62 358 83 267 
17 94 62 366 
52 252 85 135 
18 24 43 280 45 277 50 256 
7 218 62 387 
11 229 62 395 
70 297 
62 443 
45 457 62 455 78 29 
19 3 61 338 63 4 
63 6 93 273 
13 214 48 84 63 48 74 450 91 389 
13 232 16 389 20 452 63 50 
15 86 46 345 63 54 76 128 
63 60 88 309 
24 79 32 139 63 79 
69 118 
32 333 63 89 70 476 
2 462 63 94 64 374 
3 420 63 97 70 211 81 328 
37 346 63 119 
11 23 34 478 63 124 68 386 
63 140 
8 410 10 517 30 329 63 143 
15 64 17 186 63 152 69 113 
63 170 
37 120 63 177 70 340 
20 279 33 289 63 30 63 187 
0 374 48 440 58 412 63 196 
15 467 82 276 
63 206 
12 47 63 216 80 293 
24 51 63 232 78 314 89 140 
18 96 63 238 
38 458 62 188 63 241 91 336 
63 273 
2 396 44 454 63 276 95 490 
1 496 63 281 98 438 99 1 
30 317 63 296 84 20 
13 7 63 315 83 480 
38 87 48 312 78 63 
12 30 21 202 31 324 
10 250 51 60 52 91 97 297 
63 368 
41 246 63 381 
24 35 40 425 43 296 58 452 
2 382 63 386 74 106 91 66 
4 231 17 26 63 388 98 253 
29 312 36 299 63 420 90 146 
70 416 72 34 78 78 
61 255 63 442 75 346 
34 155 59 273 59 297 63 460 81 203 
9 307 30 64 47 195 63 467 79 145 
63 480 74 203 
19 97 63 481 68 345 
38 87 48 312 78 63 
40 377 64 12 76 327 
12 242 42 156 64 24 
38 123 43 429 64 36 70 204 75 6 77 21 
35 234 38 475 64 53 
5 76 43 490 58 225 64 57 
64 97 80 444 92 202 
1 402 64 101 82 403 
40 22 64 111 85 76 
1 307 64 121 98 139 
40 52 68 497 
64 131 
7 136 13 154 35 225 44 381 64 159 
3 160 32 129 55 96 
47 403 64 182 
20 70 64 185 
52 190 60 451 64 199 
5 20 42 216 64 223 88 243 
41 104 43 135 64 232 88 249 
25 127 64 258 
64 268 
64 284 
20 470 26 440 44 336 77 241 77 475 91 139 
64 340 
34 213 44 180 57 293 64 346 91 488 
64 171 64 359 70 300 
39 118 41 124 41 366 64 371 
2 257 6 303 64 379 
57 425 59 116 64 406 75 179 92 137 
64 408 
40 106 64 429 
37 461 64 440 83 123 
64 460 
26 464 65 4 
52 118 65 6 
54 280 
5 88 42 332 
2 15 11 273 65 23 72 100 80 176 
65 48 
65 62 84 214 88 432 
63 407 65 64 
15 452 65 72 
53 70 80 437 
65 76 
65 96 68 264 
65 108 
4 304 60 421 65 140 
5 200 41 406 61 452 65 145 
19 486 65 152 95 10 
59 21 65 156 
34 341 40 136 49 483 65 167 
1 33 65 183 
91 36 

65 222 
69 503 
45 475 65 232 
8 175 30 174 36 439 65 261 66 482 
65 265 
65 315 

65 344 98 27 
18 145 39 185 65 365 
65 403 86 156 
58 173 65 426 
33 403 60 96 65 437 72 62 
28 243 42 60 54 269 65 441 
3 246 32 239 50 204 65 454 
17 420 42 261 63 326 65 456 74 349 
61 513 62 403 65 468 84 95 
47 429 66 8 68 475 
7 271 40 255 54 364 66 12 
55 408 66 15 
59 38 
3 63 66 73 80 169 92 2 
15 319 18 173 66 81 
66 84 
66 98 98 341 
7 12 16 461 66 107 
42 272 66 131 
15 174 23 107 66 140 80 102 
35 341 66 152 
34 489 66 159 
15 240 42 265 66 165 
66 170 97 458 
8 390 19 402 66 171 94 343 
16 172 32 367 71 520 
54 390 
66 230 
15 106 66 239 
66 241 68 410 
66 251 
14 331 66 258 
66 271 
11 313 21 469 92 359 
25 228 58 477 66 282 89 496 
13 22 24 404 40 502 48 48 63 226 66 292 99 84 
9 451 
23 428 66 305 
8 6 66 307 
33 315 39 399 66 317 86 260 89 86 
66 337 70 469 
66 351 
66 374 79 76 
21 6 66 378 82 79 
66 384 
4 348 18 404 39 164 66 398 
65 450 82 220 
30 281 66 433 
66 437 

7 93 23 401 32 136 
66 449 83 522 

26 311 41 308 54 35 66 455 
8 41 9 285 16 458 45 87 66 462 
13 62 66 483 
67 1 
67 8 76 210 
29 459 62 418 67 9 
16 474 18 371 59 70 67 59 80 93 92 297 95 7 
20 137 67 71 97 298 99 254 
6 401 59 438 67 73 
17 229 67 86 
36 50 67 95 67 233 
0 466 51 297 59 376 67 101 
5 113 23 241 67 106 
15 273 67 123 
2 177 11 92 16 44 66 357 67 130 

16 49 31 425 44 25 67 149 87 214 
19 5 
67 180 
6 131 40 189 50 485 78 252 
5 295 9 33 9 513 67 199 88 274 
68 65 
14 191 67 218 72 469 93 361 
31 80 39 145 67 237 91 340 
67 257 
61 160 66 53 67 266 
7 432 86 180 97 143 
37 130 38 384 55 463 89 183 
14 426 
44 10 67 298 89 344 93 280 
69 153 
12 46 13 267 67 301 67 323 
13 51 53 74 67 372 
33 291 67 389 
14 473 52 141 67 390 
67 393 86 27 
7 11 
18 493 48 101 67 428 
67 458 91 293 
67 463 
67 469 72 465 89 487 98 188 
31 189 67 476 
58 185 67 491 
15 123 67 495 
38 99 41 250 57 226 67 497 
67 498 
68 4 
17 221 43 271 59 285 68 14 85 464 
59 328 68 29 88 30 
17 154 68 56 
15 198 68 61 
59 299 68 63 
3 433 
0 430 20 386 48 28 68 71 
13 124 38 352 68 88 73 265 
1 492 21 522 68 95 78 291 
30 383 53 344 68 98 89 156 94 415 96 205 
30 247 68 104 
24 105 61 495 65 380 68 129 85 57 
5 94 68 172 75 162 
65 170 68 244 86 417 90 305 
62 9 68 258 
84 390 
3 325 11 320 12 160 68 283 92 120 
1 91 53 363 68 289 
27 286 
27 103 68 310 83 413 
19 267 39 242 50 20 68 314 79 158 
21 459 31 76 68 334 
39 326 68 336 73 298 91 388 96 46 
12 217 22 164 68 339 74 476 97 403 
19 97 63 481 68 345 
53 451 58 9 68 350 
19 326 64 115 68 363 78 54 
20 106 23 331 67 353 68 366 92 90 
72 458 76 431 91 170 
35 412 43 428 63 51 68 329 
18 78 66 321 68 400 85 112 
40 443 64 63 68 418 85 327 
16 380 58 17 72 445 86 477 
36 312 68 431 80 180 
8 9 30 35 68 445 
68 454 89 119 93 287 
68 464 78 23 
25 359 68 485 72 94 
4 490 27 48 68 492 80 73 
19 290 62 339 68 502 80 268 
21 506 50 368 
6 444 69 11 
45 12 51 249 
27 279 69 43 
69 58 
48 308 60 81 60 88 69 72 
69 87 
14 421 68 147 69 90 
10 128 53 243 69 117 
69 118 
69 125 70 73 73 339 
69 136 
11 221 12 350 22 318 69 173 75 54 86 395 97 106 
69 187 
2 378 7 83 69 206 97 140 
11 435 46 284 69 221 
2 161 27 232 50 60 50 434 69 247 
69 251 72 120 86 486 
23 126 66 132 69 266 96 114 
69 296 75 263 
69 303 
42 311 46 482 
31 395 33 287 58 93 69 331 
69 337 
36 101 69 341 
25 220 32 312 66 61 69 377 83 373 
17 397 54 410 69 386 73 193 
26 130 60 75 
10 173 67 38 69 400 77 195 91 303 
13 244 70 218 
62 415 69 409 86 492 
69 412 85 382 
5 159 23 275 69 433 
69 450 89 67 
69 451 
31 241 35 144 69 455 
26 235 69 476 
36 243 45 183 69 478 83 468 
69 481 
27 482 40 129 52 60 69 484 80 357 99 347 
25 90 69 501 88 129 
24 373 69 516 92 122 
70 14 75 268 
48 333 82 384 
26 431 70 24 
15 26 70 36 
57 242 70 49 
37 153 70 78 90 100 
0 452 70 79 
14 21 
70 99 91 237 
39 402 70 101 
26 260 70 105 
7 367 70 201 
3 420 63 97 70 211 81 328 
49 428 70 229 70 361 78 465 79 118 
70 240 
4 122 58 465 70 249 
70 255 84 72 
70 258 72 344 97 203 
45 337 70 266 88 430 
48 139 70 171 70 271 79 260 89 490 92 322 
1 76 43 262 66 128 70 283 93 372 94 50 
53 423 70 291 
70 301 
5 118 25 426 70 326 
70 360 
4 344 28 153 44 261 70 268 70 369 
70 373 
70 383 
10 138 14 128 70 419 84 132 
45 238 70 445 
27 85 34 56 60 389 70 446 
70 488 
11 75 46 157 55 390 
71 12 
7 343 15 165 42 208 71 22 76 90 
0 126 1 149 71 24 75 326 
71 28 
34 269 71 31 
71 38 
24 172 38 255 42 11 71 47 
20 292 62 117 71 49 81 432 
13 400 50 365 71 61 

6 59 
46 288 
40 435 71 123 
71 133 
31 486 42 269 71 143 84 264 97 174 

24 136 66 296 71 148 
71 159 
4 11 10 31 42 376 71 169 92 133 
20 439 31 148 61 344 71 180 
5 215 46 445 71 217 81 244 
70 265 71 221 
54 85 60 313 71 241 77 123 80 267 
42 448 46 179 57 394 59 178 
54 455 65 419 71 276 
23 88 40 222 
23 223 71 320 
71 324 
71 338 
63 357 71 347 
71 348 
16 115 20 421 64 260 71 352 
22 427 28 287 71 358 
27 392 52 385 71 373 
26 313 71 380 
48 52 71 415 
27 436 28 506 39 167 55 7 71 438 83 258 96 124 
71 492 79 252 85 253 
0 209 30 299 33 217 71 498 

32 273 39 246 49 132 72 72 76 196 90 259 
6 167 30 388 80 202 
70 416 72 34 78 78 
64 181 64 305 72 44 
0 432 4 3 72 56 
70 258 72 344 97 203 
72 95 77 489 
72 119 
72 123 
3 110 10 465 11 12 14 470 32 365 35 426 72 145 
57 174 72 162 85 220 
65 265 
30 437 72 184 
3 491 26 399 29 362 72 187 
39 415 63 421 72 217 
9 445 72 225 86 319 
42 243 72 226 
2 64 
23 108 86 451 91 360 
4 211 72 280 
68 454 89 119 93 287 
70 258 72 344 97 203 
29 130 37 328 72 374 
40 147 43 207 55 286 56 5 59 492 61 323 79 287 
63 361 72 405 92 112 
5 333 36 111 72 415 
26 0 72 422 92 345 
72 429 
72 441 
38 283 41 158 72 451 

14 191 67 218 72 469 93 361 
43 58 63 121 72 470 
17 100 72 473 
49 376 72 474 
68 210 
16 147 28 242 33 190 43 122 73 1 76 131 
2 339 31 61 48 198 56 449 57 32 73 17 
14 504 65 299 73 44 79 331 
5 439 20 86 67 229 73 62 96 227 
43 390 73 91 
1 243 73 95 99 290 
73 99 74 268 
8 63 43 347 58 265 73 105 90 86 
88 177 
33 242 34 413 73 146 
14 50 58 363 73 160 
37 521 73 162 
8 293 20 312 73 176 93 440 
15 163 73 199 80 164 
10 263 18 396 24 384 73 231 
22 53 36 186 73 240 96 312 
22 443 26 226 26 273 36 196 73 250 
29 276 30 413 73 255 82 364 
29 59 47 311 51 342 73 257 
56 94 73 258 85 385 88 416 95 423 
49 286 70 245 70 463 73 261 91 72 
40 15 77 145 
2 449 73 299 78 27 91 77 
28 76 73 317 83 163 

25 459 43 473 47 27 
38 316 
51 137 59 294 73 384 
60 361 73 402 
89 507 
73 408 
14 313 73 409 
73 431 89 2 89 63 94 467 
91 410 
73 204 73 451 
63 161 73 458 
10 247 
15 326 73 467 
30 167 74 10 94 308 
5 213 18 388 74 20 
39 80 67 139 74 44 
74 45 
21 453 29 50 45 304 74 62 
14 292 36 445 91 273 
39 35 74 83 92 476 99 180 
6 440 44 181 74 95 99 77 
51 418 74 103 
0 187 48 399 74 114 
59 352 74 126 
15 58 49 480 74 128 
52 98 69 70 74 131 
74 136 

13 473 60 111 82 9 
4 310 5 170 17 446 43 250 74 204 
74 206 
42 173 
22 28 74 216 
19 340 74 220 
30 337 47 24 74 246 
12 193 74 251 94 164 
10 145 20 479 62 270 74 266 80 344 
69 333 74 281 85 383 
78 478 79 403 
16 335 37 230 
3 87 3 473 43 364 97 93 
7 448 16 313 74 373 
7 54 60 37 74 394 
27 266 40 373 62 154 74 398 80 458 97 249 
74 416 81 423 
49 327 74 435 77 219 
24 52 74 452 
74 455 
7 101 19 369 54 291 74 460 93 433 
45 170 74 474 
26 347 64 266 
74 506 78 402 98 137 
3 6 4 109 58 306 75 3 
30 415 75 17 89 386 
75 29 76 148 
33 412 47 273 62 147 75 46 75 192 81 83 92 488 
31 270 42 194 44 121 75 49 
2 368 14 235 75 72 84 482 
54 207 65 57 78 343 97 233 
37 477 38 28 
18 194 75 117 
75 127 
41 398 55 430 58 295 63 391 66 211 72 250 75 128 
1 234 65 325 75 172 
27 479 51 429 78 70 
75 182 
75 193 
5 299 26 312 59 296 75 212 86 348 
75 219 
18 50 75 221 
75 234 
28 48 48 45 75 236 
12 466 85 365 
75 267 78 228 90 234 
53 323 75 280 78 412 
75 282 
66 25 75 294 
30 364 53 44 75 296 83 333 
2 458 75 299 
2 307 75 308 86 43 99 318 
19 88 63 175 75 327 
11 244 
52 65 75 352 86 176 86 277 87 344 
5 98 45 387 75 358 
1 200 
75 372 
1 151 57 332 75 410 88 123 
28 456 29 480 62 195 69 183 75 413 95 253 

72 196 75 439 87 159 
75 450 
75 461 
54 327 62 450 89 144 
67 154 76 10 97 70 
21 318 
5 4 71 56 
76 41 
31 40 76 42 
76 53 
28 258 76 78 97 269 
12 349 19 144 19 449 69 272 
7 72 29 301 76 107 
12 116 73 245 76 147 88 425 
2 342 41 76 46 87 55 356 76 152 
67 8 76 210 
12 66 15 131 49 240 76 213 
33 262 76 244 88 53 
25 437 72 462 76 248 
76 261 
55 250 76 268 
76 270 76 379 
76 290 86 8 
42 153 48 181 76 310 
10 13 28 274 46 501 76 314 88 258 92 206 
47 120 64 312 76 317 77 102 91 299 
86 392 
29 212 39 356 70 131 76 344 
2 473 
6 415 37 31 40 253 66 382 76 389 
31 385 54 237 56 424 
44 83 
76 408 
76 454 97 416 
52 3 76 468 94 71 
46 293 76 469 98 442 
76 474 83 235 
77 5 
22 209 33 331 77 9 87 372 91 496 
23 103 40 417 77 16 88 370 95 181 
38 123 43 429 64 36 70 204 75 6 77 21 
18 214 43 400 60 112 77 29 86 370 
37 434 77 35 
14 466 26 230 77 43 80 310 96 53 

12 72 32 345 43 232 47 467 51 2 77 59 
77 82 
38 84 77 87 89 94 
18 224 39 330 77 88 94 92 
33 175 55 248 69 40 77 115 82 357 
77 135 91 435 
22 277 36 435 43 56 47 185 73 133 77 139 
51 375 77 149 94 179 98 202 
45 178 73 83 77 161 
77 171 85 407 96 121 
24 73 82 76 
77 181 
69 318 78 295 79 347 96 365 
21 43 27 42 77 230 
27 35 77 260 93 39 
41 14 77 268 93 108 
57 273 77 277 86 202 99 408 
14 69 77 285 
38 459 66 344 77 294 
34 42 77 295 
77 320 78 321 79 183 
62 434 77 339 
21 184 52 432 60 301 77 352 
35 403 77 373 
87 196 
22 161 59 138 77 383 80 191 91 364 
77 387 
32 321 35 382 42 301 77 418 
32 34 66 329 
3 383 22 90 67 321 77 430 
64 178 76 449 77 454 
77 461 79 445 87 464 



20 320 78 19 79 196 
55 3 68 397 75 37 79 392 
2 449 73 299 78 27 91 77 
13 131 20 378 24 397 78 75 89 389 
32 275 56 498 78 81 
22 78 78 86 86 208 
18 168 35 436 78 88 
78 97 
75 431 78 101 79 335 80 252 
8 353 43 79 78 113 80 22 95 479 
78 119 81 312 98 102 
55 130 62 335 63 134 75 260 78 132 
78 144 
78 157 97 155 
55 336 78 161 
59 268 78 165 
5 54 72 272 78 214 
25 463 75 341 78 216 
42 158 59 18 63 289 78 227 
69 98 78 230 85 270 
2 122 14 13 22 374 75 147 76 8 78 239 
78 254 
78 278 88 449 90 133 
78 281 
1 492 21 522 68 95 78 291 
78 293 
10 110 58 198 78 303 
67 306 
3 291 16 89 78 332 96 309 
19 40 48 210 78 336 98 434 
11 69 17 268 78 388 
16 411 44 413 78 430 
78 437 
4 214 54 206 72 50 78 447 86 293 
18 149 30 7 30 152 47 66 71 460 78 463 
49 428 70 229 70 361 78 465 79 118 
16 292 39 3 44 480 78 473 89 467 
22 249 23 195 46 458 
4 140 23 418 26 410 52 90 78 483 
12 39 49 293 65 117 78 486 87 330 
78 488 83 457 
24 193 26 19 78 498 
66 120 79 43 
0 153 71 435 95 192 
79 56 84 353 
48 262 79 80 
33 461 79 84 87 32 
35 64 79 91 
24 181 48 119 79 92 
24 238 96 244 
59 290 92 481 
9 307 30 64 47 195 63 467 79 145 
64 483 79 147 99 25 
13 145 79 152 
22 176 53 334 79 156 
19 267 39 242 50 20 68 314 79 158 
23 206 27 301 69 462 79 162 
50 474 79 164 86 459 
42 84 54 28 79 168 89 320 
43 228 45 76 77 305 79 191 
48 122 79 199 
33 375 79 205 
16 124 19 323 79 229 87 368 
1 58 18 62 79 238 
11 389 
7 479 21 245 22 32 28 2 60 133 79 245 95 270 
39 405 79 249 
79 257 
4 281 23 242 79 283 
30 26 42 151 79 290 79 354 80 228 94 435 
46 21 79 295 
79 312 84 168 
48 268 79 315 84 386 86 428 95 138 
6 411 53 54 74 205 79 350 89 348 
31 430 63 324 
49 186 57 57 79 360 97 321 
79 366 
70 333 79 371 
46 476 79 373 
16 470 88 198 
79 48 79 396 
7 248 17 101 33 467 89 481 
40 326 79 426 
35 330 79 429 95 34 
23 327 79 431 
55 197 78 204 79 433 
79 447 
48 139 70 171 70 271 79 260 89 490 92 322 
3 166 36 261 51 225 54 63 79 458 
21 383 50 76 80 15 
8 353 43 79 78 113 80 22 95 479 
80 24 89 194 
42 164 44 362 45 33 52 318 
31 401 59 142 69 192 80 36 
80 47 97 138 
74 337 80 50 
41 327 80 66 
5 148 37 198 47 54 80 68 82 102 
4 490 27 48 68 492 80 73 
80 89 
80 92 85 185 
13 340 30 47 
80 95 
21 292 76 378 80 120 
3 275 80 134 
6 154 41 297 79 220 99 391 99 395 
21 396 66 400 80 157 
80 160 
3 434 80 168 
21 488 60 225 80 173 
36 312 68 431 80 180 
6 167 30 388 80 202 
58 307 80 229 80 431 94 351 
25 445 28 82 45 300 80 270 84 223 86 214 
43 212 45 15 80 274 87 456 
80 304 
2 411 8 483 74 198 80 305 96 33 
10 430 33 43 42 432 79 314 80 319 
80 324 
14 438 38 187 
48 16 65 271 80 373 
8 256 83 477 94 47 
10 272 80 389 
80 400 88 98 
59 290 92 481 
57 428 
5 123 34 403 44 298 80 424 
19 34 40 246 54 76 91 4 
27 408 31 482 80 438 
18 337 80 474 83 310 94 72 
26 248 27 109 80 483 
57 483 58 388 
27 159 81 16 
81 53 
67 267 81 55 
8 359 58 165 
6 397 12 342 81 102 
61 400 81 118 87 229 97 199 
0 416 46 386 57 99 81 126 
37 484 60 366 81 129 96 380 
81 157 
21 84 33 459 40 87 41 457 81 165 
81 172 95 486 
37 124 81 173 
33 30 37 423 81 177 
81 198 

81 205 
0 474 19 174 51 269 81 215 
95 411 
57 156 76 169 81 225 
20 445 58 457 81 229 

49 462 81 247 
9 329 
81 293 82 277 
19 262 81 321 
78 36 81 330 87 64 88 255 
31 461 92 101 
37 457 81 338 
81 340 
42 46 63 110 67 378 77 478 81 343 
30 483 81 359 
5 417 81 362 85 425 
26 113 29 17 81 365 
5 130 41 332 81 372 
70 89 
17 60 63 245 81 418 
68 238 81 435 
28 333 58 77 78 194 81 463 81 495 
10 195 48 378 52 328 81 472 
81 485 
4 157 7 444 78 328 80 447 
82 14 
1 14 13 58 82 29 95 484 
0 78 82 34 
82 35 82 315 
18 51 82 46 85 277 88 320 
45 400 82 51 
19 128 82 54 

3 375 80 222 82 75 
4 449 82 86 90 172 
5 148 37 198 47 54 80 68 82 102 
25 93 82 147 
37 176 77 77 91 223 
55 2 82 175 
24 79 32 139 63 79 
82 179 87 425 
68 272 82 186 92 315 
25 120 82 202 89 72 
40 91 82 206 
47 334 56 211 82 210 92 339 
14 210 22 223 34 98 53 504 82 212 90 324 
2 9 55 240 82 223 
16 355 82 227 
82 228 
8 178 48 269 97 453 
4 125 9 429 52 228 82 258 
23 429 
81 300 82 265 
15 356 18 482 34 299 82 275 95 152 
81 293 82 277 
82 289 96 334 
46 457 50 401 75 53 82 295 94 107 
28 143 82 310 
82 35 82 315 
9 486 28 120 31 119 82 360 83 385 93 466 99 447 
82 369 
48 333 82 384 
50 190 82 425 
82 478 
53 276 60 373 82 482 94 135 
35 117 45 68 55 385 83 5 
17 84 54 246 71 126 83 12 
53 308 83 24 87 186 
5 270 72 77 83 52 99 132 
83 73 
47 19 48 49 55 480 58 13 83 74 
15 248 83 101 
0 29 68 449 80 281 83 127 
74 366 83 139 94 202 
40 277 61 213 76 342 83 156 
8 1 83 172 84 144 
83 175 
3 38 39 227 83 205 
31 7 
4 326 23 198 47 473 83 232 
16 347 66 260 83 239 
53 273 61 396 69 381 83 247 94 56 
83 255 
45 85 83 277 89 416 
8 339 11 475 16 215 20 87 83 289 
25 435 36 464 61 242 83 298 88 434 94 91 
5 215 46 445 71 217 81 244 
18 337 80 474 83 310 94 72 
83 322 94 131 
50 466 83 341 
22 17 35 228 69 262 75 152 83 342 
19 401 78 333 83 343 
7 380 70 433 74 98 83 346 89 229 
21 5 40 361 
61 449 83 368 
50 62 71 406 85 68 
13 144 44 269 83 422 
12 74 15 141 65 191 72 239 83 437 
53 136 69 364 83 447 
22 34 95 316 98 359 
78 488 83 457 
83 458 88 34 
3 179 83 465 
44 379 82 443 83 473 
13 7 63 315 83 480 
5 418 83 482 
53 331 83 491 
83 505 
84 24 
3 53 84 32 
36 48 49 229 54 17 76 141 84 41 
29 128 
12 249 21 168 63 349 84 53 
61 164 

39 336 84 117 92 250 
19 240 84 141 84 495 85 429 
84 145 97 276 
84 147 
39 158 49 49 52 230 84 152 
12 192 14 364 38 414 55 289 84 161 
72 6 84 185 
3 412 20 179 48 93 78 361 85 115 
41 106 84 211 
5 340 68 32 84 218 
33 115 84 285 
39 23 56 115 84 293 
5 413 84 298 86 341 
31 451 
11 455 84 317 
60 342 83 453 84 331 
42 188 64 125 64 431 
84 345 
64 89 84 350 
84 354 
27 198 84 360 94 396 
81 292 84 371 
15 104 45 305 84 399 86 307 
62 93 84 400 
24 146 84 417 
48 242 84 430 
36 167 73 228 84 435 
6 100 60 329 84 442 
16 49 31 425 44 25 67 149 87 214 
6 141 23 396 85 11 
84 477 85 25 
52 323 85 62 
64 468 85 81 
56 128 85 85 99 131 
50 336 85 88 97 206 
69 348 70 133 
85 9 85 129 
77 375 85 131 
52 252 85 135 
15 59 51 438 85 145 

15 396 
85 207 
0 482 8 33 20 252 76 207 85 215 
6 137 85 226 89 252 98 33 
75 42 84 70 85 235 
25 390 42 81 73 40 
83 319 85 240 86 30 
32 21 52 43 58 333 85 242 
10 167 14 289 
86 69 
24 272 57 415 85 258 
85 262 93 439 
69 98 78 230 85 270 
5 324 22 275 29 285 32 95 62 354 85 279 
3 250 59 400 74 87 85 281 
85 309 
85 317 
19 267 39 242 50 20 68 314 79 158 
85 329 99 497 
78 502 85 372 
67 403 
82 243 85 391 
78 424 85 399 97 422 
49 290 85 416 
37 343 41 301 
85 455 
85 466 
31 165 85 469 
85 478 
24 303 85 483 
67 393 86 27 
27 163 75 194 86 28 
2 307 75 308 86 43 99 318 
27 370 28 313 79 454 86 59 94 112 
20 279 33 289 63 30 63 187 
86 84 
1 478 23 410 86 95 
13 298 44 150 86 102 
86 103 
4 380 28 22 86 128 
49 138 58 8 81 186 
31 9 40 101 86 167 
7 432 86 180 97 143 
63 393 86 185 
48 371 69 71 86 193 
42 418 57 351 80 61 86 200 
57 273 77 277 86 202 99 408 
53 6 82 0 86 224 91 379 
12 131 20 412 86 232 96 405 
42 308 86 236 96 475 
29 23 42 70 86 250 
3 360 9 352 26 68 34 66 57 436 79 446 86 281 
12 66 15 131 49 240 76 213 
7 158 56 202 86 321 
86 328 
86 392 
38 267 86 402 
65 170 68 244 86 417 90 305 
29 356 86 425 
33 461 79 84 87 32 
23 108 86 451 91 360 
81 233 86 454 
31 16 47 244 67 244 82 216 86 469 91 222 99 168 
6 409 
87 2 
1 52 1 107 
12 310 30 387 56 328 87 25 
4 132 52 413 87 45 
32 233 33 260 87 49 
87 57 
74 424 87 61 
25 401 53 517 87 66 99 236 
82 178 86 302 
0 161 15 244 75 272 94 252 
13 113 65 318 87 105 92 305 
87 108 
19 80 25 275 
10 290 39 28 53 190 87 120 97 369 
34 317 56 276 87 127 94 54 
19 320 22 66 50 376 57 165 83 493 87 139 
1 303 42 130 
32 16 87 205 
87 206 
32 397 87 219 
57 378 63 411 87 261 
27 3 30 258 52 370 87 265 
50 216 77 81 87 275 
68 42 94 213 
87 293 94 459 
87 299 95 72 
87 333 
87 337 
16 124 19 323 79 229 87 368 
69 94 88 413 90 125 
9 311 29 195 87 377 95 233 
61 402 87 399 
18 283 
9 438 37 163 75 322 80 423 87 411 
82 179 87 425 
3 233 31 221 46 224 47 298 87 445 
47 111 87 452 
1 250 2 175 25 431 60 456 
25 199 44 201 50 260 87 474 
18 106 40 329 88 3 
20 151 88 5 
81 133 88 20 
83 458 88 34 
24 399 
88 43 
67 214 88 49 
21 20 25 192 34 68 65 252 66 207 71 249 88 76 
88 126 
66 116 76 392 85 203 88 141 
88 154 
53 314 67 127 88 225 
66 145 88 232 
13 351 88 239 
37 292 88 63 88 241 
10 13 28 274 46 501 76 314 88 258 92 206 
7 403 39 345 67 65 88 269 
10 474 71 480 73 175 78 440 88 294 
88 313 
26 26 28 161 67 189 
12 259 66 450 88 325 
14 370 49 367 67 107 88 332 
22 179 
74 262 82 139 
88 351 
10 256 84 179 
88 371 92 475 
83 21 88 383 89 197 91 431 94 347 98 15 
58 430 62 129 88 401 94 309 94 422 
22 405 81 398 88 411 
69 94 88 413 90 125 
72 309 
14 366 26 298 88 426 92 92 
30 425 37 281 48 325 88 441 
88 445 
75 307 88 457 
26 62 89 8 

89 26 
11 55 21 171 56 340 89 28 
30 116 72 258 89 52 
13 197 40 252 89 54 

73 431 89 2 89 63 94 467 
69 450 89 67 
25 120 82 202 89 72 
89 98 
89 106 
4 265 89 110 
6 340 39 272 89 116 
54 327 62 450 89 144 
8 359 58 165 
35 399 70 482 89 147 
1 196 18 412 41 403 
38 182 47 93 54 255 89 172 
31 474 69 54 89 174 
37 130 38 384 55 463 89 183 
13 173 36 370 89 189 99 73 

6 405 40 242 89 195 
11 298 18 423 
8 248 57 15 72 463 89 213 
62 34 89 244 
89 259 
58 389 89 261 
58 26 89 265 95 319 
53 114 71 93 89 280 
76 180 89 287 91 470 
65 32 89 302 
23 152 23 365 89 312 
38 11 66 370 67 16 89 314 

15 56 46 271 87 38 89 324 
8 305 83 488 89 331 93 55 
44 56 60 207 89 351 
51 432 82 374 86 149 89 362 
13 131 20 378 24 397 78 75 89 389 
8 114 89 406 
29 499 94 339 
69 159 77 422 89 424 
8 425 9 496 89 430 
31 18 40 342 89 448 94 127 
89 455 
49 357 89 458 
89 462 
89 470 
87 374 89 506 
43 409 62 301 69 279 69 491 90 8 
30 66 46 465 85 461 90 13 
77 32 90 16 
90 20 
46 329 49 339 90 25 
42 413 90 30 
51 518 90 37 92 218 
48 259 90 59 
47 178 64 95 90 73 
14 223 35 444 65 19 90 78 97 251 
24 399 
37 153 70 78 90 100 
90 102 91 416 
90 112 
40 411 90 131 92 86 
90 151 
61 437 88 391 90 167 
90 185 
90 235 
35 206 90 248 94 16 
1 111 46 493 51 129 90 264 
43 70 62 122 65 421 90 300 
14 299 50 329 76 17 
56 65 83 55 
25 147 90 317 
84 305 85 238 90 318 98 285 
14 210 22 223 34 98 53 504 82 212 90 324 
90 329 
28 75 90 369 
90 381 
2 126 16 381 27 455 90 397 
83 61 90 405 
39 103 58 398 59 118 90 410 
9 146 19 100 43 28 46 509 66 280 90 425 
9 166 45 406 72 436 90 436 
29 342 83 262 
90 452 
3 146 6 429 
21 217 39 13 90 469 
0 231 52 14 
5 142 14 93 55 186 90 476 
12 211 21 475 26 244 40 59 94 209 
5 204 59 111 91 1 
91 22 96 359 
30 181 91 34 
91 50 
13 142 15 22 50 178 57 234 72 289 91 59 99 283 
70 373 
37 334 89 444 91 82 98 279 
25 173 
20 110 21 39 62 13 71 327 91 108 
13 8 19 84 52 345 91 123 
91 128 
42 422 53 234 87 470 91 166 92 203 
39 431 52 506 88 191 91 190 
48 291 70 470 91 198 
78 129 91 200 
6 130 12 254 45 407 68 155 91 206 99 15 
30 302 89 200 91 217 91 452 
36 20 44 401 51 381 68 20 91 240 
58 474 70 363 71 314 74 259 
32 236 50 351 91 249 
0 214 0 249 56 308 91 261 
2 293 68 213 78 58 91 267 98 250 

17 57 24 104 91 283 
19 223 91 296 
91 311 
91 330 
20 460 83 135 91 334 
31 80 39 145 67 237 91 340 
21 67 44 98 91 341 
2 152 42 470 59 318 91 344 
91 352 
22 161 59 138 77 383 80 191 91 364 
19 270 41 384 91 369 
87 429 
53 6 82 0 86 224 91 379 
47 162 57 193 91 384 
67 183 90 437 91 395 
91 397 98 469 
67 466 
90 102 91 416 
83 21 88 383 89 197 91 431 94 347 98 15 
77 135 91 435 
64 460 
41 417 48 31 
30 302 89 200 91 217 91 452 
22 272 32 171 62 28 91 455 
91 498 
1 38 44 396 91 504 
29 133 39 128 45 331 68 458 
38 185 92 8 
32 128 37 207 44 114 92 11 
59 362 92 25 
54 474 78 265 92 33 
15 467 82 276 
31 461 92 101 
16 444 37 441 92 113 
57 425 59 116 64 406 75 179 92 137 

64 97 80 444 92 202 
42 422 53 234 87 470 91 166 92 203 
92 228 
76 462 92 244 
83 397 92 259 
75 111 92 269 97 286 
8 149 92 276 
76 194 92 277 
48 59 
7 355 72 419 92 294 

44 89 57 217 86 179 92 307 
44 366 49 80 74 328 92 313 
52 395 80 161 92 326 
47 334 56 211 82 210 92 339 
16 366 90 344 92 346 
6 346 45 288 87 394 92 353 
40 317 47 280 55 47 68 226 92 356 
29 94 61 433 92 361 
92 374 
12 294 71 10 92 387 
92 389 
23 301 32 250 43 442 92 396 
20 241 28 310 
77 179 92 401 94 489 
3 60 92 416 
92 428 
10 320 34 55 82 460 92 445 
43 355 92 470 
83 319 85 240 86 30 
59 290 92 481 
23 426 30 142 41 357 53 424 67 228 92 501 
88 23 92 506 
41 333 93 6 
20 97 93 8 
3 232 
17 119 77 137 93 29 
39 464 70 224 
8 305 83 488 89 331 93 55 
51 257 97 400 
9 82 90 471 93 95 
68 108 69 278 76 170 93 123 93 458 97 432 
4 146 20 316 20 407 76 368 93 135 
24 329 93 146 
1 438 51 215 91 430 93 151 
7 319 44 320 49 89 72 487 93 178 

47 100 93 192 
93 220 
27 321 62 462 93 233 
31 414 34 247 83 338 93 249 99 167 
17 435 20 135 93 264 95 39 
34 323 93 277 
93 283 
51 318 60 12 76 277 93 301 98 25 
93 260 93 319 
48 185 52 76 59 367 93 334 
17 9 93 335 
51 301 93 338 
93 341 
9 469 11 407 23 43 93 359 
93 368 
1 76 43 262 66 128 70 283 93 372 94 50 
93 376 
6 170 40 450 93 389 
83 432 92 131 93 392 
93 421 
27 176 55 170 93 436 
40 334 47 415 93 452 
73 283 93 469 95 509 
93 485 
93 505 
6 266 10 282 22 373 65 429 99 27 
34 454 93 235 
23 319 94 21 
28 429 66 448 94 35 
52 3 76 468 94 71 
51 418 74 103 
94 78 
2 141 8 187 54 148 94 100 
30 13 94 106 
6 205 12 201 12 340 47 329 87 248 94 141 
94 145 97 224 
12 23 87 215 94 147 
12 375 82 471 94 154 
94 161 
67 112 94 163 
0 461 4 175 16 288 60 170 94 177 
86 238 95 111 
25 384 62 309 94 212 95 205 
41 146 94 224 
94 245 
94 249 
16 68 70 113 94 260 
19 99 26 365 44 304 78 72 94 265 
55 250 76 268 
94 271 97 190 
34 406 46 218 50 53 70 185 79 311 85 358 94 284 
23 392 94 294 
70 107 94 299 95 186 
58 430 62 129 88 401 94 309 94 422 
20 175 61 56 94 320 
87 469 90 409 94 330 
29 499 94 339 
73 58 92 199 94 354 
98 89 
30 26 42 151 79 290 79 354 80 228 94 435 
49 29 94 438 
2 415 41 407 94 449 
87 293 94 459 
74 102 94 462 99 355 
86 506 94 476 
70 395 94 481 99 226 
3 122 21 492 94 493 
16 474 18 371 59 70 67 59 80 93 92 297 95 7 
39 387 40 38 61 441 95 15 
95 22 
22 228 27 65 95 27 
35 330 79 429 95 34 
24 30 70 199 
5 300 46 472 91 94 95 62 
44 96 63 23 
44 131 80 113 95 86 
82 339 95 90 
93 496 95 93 
39 169 42 315 93 21 94 157 95 106 
65 334 95 120 
29 258 
73 27 95 132 
25 82 44 173 95 134 
44 365 52 398 95 145 
82 136 95 174 96 234 
95 212 
40 434 75 304 95 218 
88 147 95 246 
18 183 95 262 
7 479 21 245 22 32 28 2 60 133 79 245 95 270 
0 355 81 65 82 5 84 246 95 277 
33 222 34 252 44 447 95 280 
32 25 95 288 
27 458 85 473 95 312 
58 26 89 265 95 319 
25 422 60 246 
12 221 95 352 
51 263 95 368 
1 453 3 68 95 375 
34 89 82 182 95 407 
25 516 54 82 62 49 83 41 95 419 
1 366 4 100 18 7 20 420 66 427 81 493 93 159 95 424 
95 443 
95 450 
25 269 95 476 
2 396 44 454 63 276 95 490 
4 428 50 227 
1 501 46 279 96 15 
95 327 
86 416 96 31 
14 295 39 462 48 374 71 171 95 52 96 32 

20 330 30 470 96 45 
37 107 63 440 96 60 
9 430 96 90 
61 141 84 79 93 183 96 91 
6 69 96 104 
5 73 69 470 96 118 
32 440 46 129 81 89 89 138 
18 60 86 184 96 150 
18 356 71 387 96 154 
31 444 35 199 
6 78 35 472 96 189 
30 18 
30 383 53 344 68 98 89 156 94 415 96 205 
24 449 95 256 96 249 
30 83 47 377 
36 267 72 89 96 284 
19 233 38 351 59 373 70 90 96 302 
15 192 18 227 53 493 
4 482 26 46 96 315 
44 136 96 321 
72 95 77 489 
21 388 49 472 64 1 79 473 96 331 
23 13 29 242 75 452 96 337 
96 340 
44 344 69 131 96 345 
36 486 38 446 96 358 
66 67 96 398 
94 241 96 428 
96 432 
5 415 41 378 45 295 96 461 
31 177 40 458 96 467 
15 389 62 278 96 479 
48 462 96 483 
16 156 19 55 82 153 89 220 96 486 
16 163 91 14 96 487 
96 489 
11 245 50 324 59 42 95 65 97 18 
2 290 72 65 74 301 97 36 99 146 
97 42 
97 57 
25 169 57 163 97 58 
47 406 97 60 
47 175 97 63 
97 76 98 324 
82 44 97 85 
3 87 3 473 43 364 97 93 
27 440 37 147 54 129 97 108 
6 378 47 114 54 140 71 499 97 129 
80 47 97 138 
30 346 34 121 90 286 
97 145 
97 150 
9 185 44 141 97 154 
66 364 95 160 
43 165 97 185 
21 141 23 12 70 188 97 187 
57 359 97 196 
14 162 97 197 
51 482 97 212 
3 266 97 263 
20 137 67 71 97 298 99 254 
0 40 66 162 
39 225 97 309 
41 151 58 218 97 336 
21 514 71 173 76 84 97 353 
97 357 
39 353 97 364 98 9 
3 338 97 375 
15 12 36 493 95 116 97 385 
64 212 95 440 97 386 
9 210 
97 396 
51 196 80 43 97 397 
36 337 97 399 
67 464 90 480 
76 454 97 416 
97 431 
98 12 
17 477 
1 401 13 161 98 22 
83 230 
98 29 
98 48 
35 362 92 491 98 56 
52 197 62 218 98 74 
12 385 98 97 
73 194 77 157 98 113 
98 132 
46 344 47 500 48 0 53 364 98 157 
40 305 98 163 99 206 
38 371 98 167 
16 50 33 379 
23 9 29 132 55 129 98 214 
58 488 76 160 98 218 
32 20 70 127 98 236 
4 231 17 26 63 388 98 253 
24 187 98 255 
76 135 87 216 98 259 
7 147 23 105 36 333 98 264 
37 334 89 444 91 82 98 279 
9 163 28 182 98 292 
6 312 19 432 36 213 98 294 
27 349 33 13 98 320 
98 330 
8 245 22 79 40 266 61 146 64 230 98 334 
54 299 
12 203 19 394 20 270 32 201 41 460 56 171 98 352 
80 24 89 194 
22 34 95 316 98 359 
91 323 98 367 
39 295 54 173 
98 373 
53 466 89 472 98 389 
8 207 98 396 
98 422 
55 64 98 455 
91 397 98 469 
98 471 
9 99 25 231 42 300 52 249 98 481 
11 377 98 500 
84 478 99 10 
85 173 
82 306 
99 29 
0 344 23 371 58 189 99 62 
99 83 
96 456 99 88 
38 342 99 92 99 334 
11 51 28 343 35 217 69 240 99 96 
11 122 99 100 
99 108 
56 128 85 85 99 131 
39 35 74 83 92 476 99 180 
12 263 99 188 
22 6 60 433 93 492 96 193 99 203 
39 262 71 325 99 211 
99 229 
30 406 36 68 84 110 99 238 
29 141 51 154 59 36 77 253 99 248 
99 264 
62 269 99 300 
57 74 97 40 99 311 
27 482 40 129 52 60 69 484 80 357 99 347 
10 441 19 445 99 349 
2 228 53 542 65 283 65 364 72 293 99 361 
18 489 19 67 86 352 99 368 
9 370 33 119 37 70 84 66 99 382 

75 38 99 409 
22 113 82 17 
9 486 28 120 31 119 82 360 83 385 93 466 99 447 
43 223 99 454 
1 341 35 338 56 28 75 435 99 463 
8 52 58 257 99 467 
99 478 
25 242 32 413 36 342 
0 70 52 493 73 247 
33 403 60 96 65 437 72 62 
1 38 44 396 91 504 
78 28 
33 222 34 252 44 447 95 280 
73 321 88 451 99 42 
13 382 
44 327 67 425 68 441 
2 350 4 246 70 289 73 359 92 61 
48 33 71 84 80 25 

56 326 86 377 
5 179 39 68 75 457 
67 444 80 427 
8 191 11 157 12 435 24 197 27 81 80 321 
37 12 41 456 73 362 
2 166 2 365 53 427 99 34 
20 448 32 257 44 107 82 121 
18 310 70 193 
39 498 76 64 
14 330 81 258 
68 127 83 302 
30 54 30 504 57 125 98 357 
5 54 72 272 78 214 
2 286 82 236 94 290 
4 103 71 336 
10 424 
19 497 37 24 80 158 98 465 
31 336 64 138 69 405 
6 14 7 401 12 9 56 245 
66 221 
28 76 73 317 83 163 
16 134 40 12 
5 247 11 137 64 32 79 294 
59 268 78 165 
15 468 34 289 43 125 46 212 
25 438 50 477 
45 170 74 474 
26 26 28 161 67 189 
6 252 17 502 
9 23 24 28 51 335 
0 290 3 258 15 60 17 91 76 259 
70 92 80 350 
0 228 29 465 65 309 96 11 
11 396 11 434 21 484 55 30 63 342 71 177 73 428 
22 286 27 182 
12 392 37 370 
13 487 21 368 65 213 71 471 
50 142 62 337 81 371 
51 69 83 420 
33 186 89 418 
82 136 95 174 96 234 
30 392 34 373 48 349 50 188 
46 5 67 313 67 397 

33 105 64 255 69 321 
15 219 36 262 52 428 57 91 67 475 
27 102 30 319 31 266 56 337 
0 198 23 316 32 42 81 288 
6 439 37 50 65 387 
7 411 
2 313 24 476 
50 136 64 82 
3 392 75 84 92 271 
75 417 
17 11 70 16 
9 223 28 366 74 184 
52 98 69 70 74 131 
30 74 52 264 96 317 
16 261 75 238 
9 99 25 231 42 300 52 249 98 481 
2 57 30 109 37 213 55 359 
7 354 11 384 39 318 
4 160 12 453 48 69 60 431 81 44 
11 313 21 469 92 359 
17 32 
73 462 
28 29 30 402 39 495 63 260 82 231 
4 88 
36 236 45 209 55 419 76 397 
32 399 95 129 
17 15 46 285 70 304 97 405 
18 285 26 211 39 32 
0 79 17 263 75 214 89 393 
79 46 
9 82 90 471 93 95 
14 209 35 486 66 97 

58 382 70 356 
3 84 6 128 
33 420 54 221 96 450 
6 205 12 201 12 340 47 329 87 248 94 141 
10 461 26 104 45 123 57 402 
18 207 66 301 90 181 93 256 
2 446 29 49 39 508 
9 23 24 28 51 335 
18 374 48 468 
58 329 
69 401 
60 228 99 268 
14 20 20 235 84 4 98 161 
19 99 26 365 44 304 78 72 94 265 
29 457 47 478 
47 60 93 99 
18 255 36 5 55 23 65 173 69 152 
96 432 
29 316 77 464 
28 457 38 139 44 357 58 132 66 429 
5 109 16 152 
5 463 85 170 93 258 
69 412 85 382 

49 105 
0 197 8 135 16 419 32 270 
0 391 
62 150 
80 24 89 194 
76 404 
33 10 59 252 81 438 
17 419 70 456 89 170 
11 189 29 494 57 489 76 206 
7 479 21 245 22 32 28 2 60 133 79 245 95 270 
9 210 
48 147 
58 181 65 148 
13 110 34 274 53 249 
1 85 23 19 23 133 55 395 85 59 
6 410 24 270 45 125 46 353 
1 482 19 235 99 199 
14 435 27 305 38 326 67 90 87 351 90 279 
42 78 67 407 
35 54 51 509 
68 464 78 23 
35 162 87 473 
2 428 28 228 35 148 42 232 95 68 
12 80 89 11 93 207 
63 86 
25 489 45 111 
71 513 84 33 
58 406 
1 247 67 98 95 236 
8 307 66 231 78 33 
1 482 19 235 99 199 
10 143 86 436 
79 244 
7 248 17 101 33 467 89 481 
51 160 91 245 
1 290 69 242 92 243 
91 361 96 256 
15 330 82 82 90 443 
11 364 78 46 
8 451 40 509 44 437 57 85 81 218 
13 168 14 226 46 307 69 124 
4 96 13 86 94 472 
5 255 16 348 28 307 51 219 86 263 
99 18 
30 170 80 219 
1 81 29 436 42 242 99 301 
55 3 68 397 75 37 79 392 
16 474 18 371 59 70 67 59 80 93 92 297 95 7 
52 309 90 464 
48 12 81 199 
25 161 33 424 38 280 86 46 
31 226 62 238 70 321 90 155 
87 286 
1 341 35 338 56 28 75 435 99 463 
3 211 42 476 44 207 76 323 
23 248 30 177 67 459 87 93 92 188 
8 329 34 10 86 152 
23 134 
21 335 46 148 
0 396 77 437 96 183 
9 261 15 109 41 233 61 169 
2 403 8 59 9 233 
37 287 57 154 75 370 
21 318 
9 116 49 27 
71 492 79 252 85 253 
14 131 16 212 74 417 
32 158 56 76 71 196 91 413 
52 436 61 26 84 240 91 158 
27 244 73 150 
50 306 58 59 65 9 
43 409 62 301 69 279 69 491 90 8 
35 482 57 23 67 175 71 99 74 472 
22 400 
16 124 19 323 79 229 87 368 
38 400 
13 405 
23 199 29 267 64 168 
26 402 98 52 
16 198 81 34 
56 94 73 258 85 385 88 416 95 423 
0 431 3 399 4 149 15 221 44 79 
67 214 88 49 
31 385 54 237 56 424 
1 401 13 161 98 22 
61 510 
23 378 43 415 50 438 84 67 
32 89 79 133 91 294 
2 50 13 273 15 76 61 327 
84 305 85 238 90 318 98 285 
23 262 35 473 40 281 72 322 
56 138 84 114 
8 331 14 66 86 135 
12 249 21 168 63 349 84 53 
16 73 34 265 40 469 
49 138 58 8 81 186 
16 264 
4 471 22 423 
31 475 39 190 
5 138 9 90 35 69 58 339 81 455 
82 178 86 302 
31 265 38 191 
1 77 18 200 66 452 
34 452 83 326 
12 74 15 141 65 191 72 239 83 437 
11 0 33 77 
97 394 
18 99 53 537 
57 24 
16 397 41 439 
21 273 30 491 36 40 66 38 
11 285 55 20 
4 78 
36 113 55 441 60 289 74 68 
36 159 55 199 
6 478 7 277 26 351 35 2 39 86 82 291 90 290 
12 315 94 306 
18 460 22 460 56 101 69 7 89 146 
20 210 77 452 97 255 
20 388 95 496 97 132 
22 148 71 96 86 166 
5 300 46 472 91 94 95 62 
35 463 63 384 74 316 75 25 76 455 
6 171 11 264 41 421 63 72 
39 364 40 34 76 324 
6 91 12 17 37 133 
21 5 40 361 
0 75 25 191 
51 465 66 255 80 152 
13 113 65 318 87 105 92 305 
15 184 32 390 55 201 72 426 83 244 
63 68 
2 43 19 307 92 474 
22 380 75 406 88 335 96 264 
61 372 
59 457 66 245 95 43 
10 393 15 154 36 419 47 40 61 497 70 111 86 464 
16 79 18 331 41 45 81 303 
10 116 31 303 33 450 38 263 74 444 93 74 
4 144 
44 189 76 25 92 74 
39 349 66 275 80 206 
20 349 28 260 

5 38 12 55 19 192 35 369 
3 398 7 408 10 238 28 240 58 337 83 20 
5 270 72 77 83 52 99 132 
9 434 49 266 53 528 86 143 
22 328 58 346 62 367 73 129 
27 72 39 379 46 321 50 252 77 310 86 25 91 194 
13 2 26 144 38 118 51 287 
54 161 96 39 
35 103 43 161 96 362 
33 107 
0 147 3 153 48 293 79 291 
25 484 42 478 
46 299 
14 97 37 69 39 161 87 313 
5 486 12 396 13 257 26 9 41 315 51 72 53 228 
38 434 85 148 
10 345 11 135 30 0 46 505 56 419 68 420 
14 121 
28 470 
84 92 
8 459 13 412 14 392 37 220 71 525 
22 104 35 493 78 17 
10 163 
6 261 43 408 
3 407 53 227 66 196 
9 430 96 90 
33 301 65 199 76 29 96 495 
6 389 
43 332 
55 310 83 448 92 364 
23 137 35 311 39 132 44 274 73 433 
20 207 23 432 26 243 65 272 87 101 
18 348 93 189 
74 286 78 198 80 114 92 455 
10 438 62 82 80 182 92 263 
6 488 
9 256 27 91 49 63 86 495 
63 423 
66 384 
15 279 21 185 
23 119 48 58 57 263 
30 78 47 133 94 9 
25 176 88 385 
7 15 7 216 13 79 70 343 78 184 
55 107 87 203 
8 276 41 307 44 46 79 378 94 3 
33 376 66 363 
87 20 
96 102 
5 469 
7 368 72 9 95 409 
25 445 28 82 45 300 80 270 84 223 86 214 
2 293 68 213 78 58 91 267 98 250 
64 306 68 267 73 120 
6 397 12 342 81 102 
11 317 53 521 82 262 
23 88 40 222 
0 225 30 357 75 197 98 308 
23 462 31 438 43 19 52 229 58 310 
47 233 61 90 67 435 
10 400 50 363 55 101 
45 90 62 100 62 447 
51 318 60 12 76 277 93 301 98 25 
19 128 82 54 
63 27 66 47 
13 186 19 251 33 189 97 306 
3 295 51 481 
37 72 75 113 87 385 
36 475 40 49 49 412 96 128 
4 390 50 92 51 422 81 252 94 497 98 386 
91 375 
29 459 62 418 67 9 
6 130 12 254 45 407 68 155 91 206 99 15 
5 163 15 422 
17 110 29 167 50 297 
65 8 65 196 89 43 
53 216 
11 246 
60 129 62 375 77 99 90 276 99 489 
17 426 33 271 97 33 99 433 
34 421 
13 484 18 452 49 193 67 205 75 190 82 156 
16 211 58 401 63 19 94 303 
25 187 43 106 78 325 

15 147 60 349 
7 416 12 384 36 290 
8 323 11 295 49 372 59 67 
19 366 90 96 
72 481 
15 23 22 451 92 144 96 125 
38 85 81 160 
15 424 23 445 46 268 85 392 
19 195 32 251 59 392 

42 355 
64 328 72 395 
14 73 14 257 59 494 61 502 
15 255 33 92 
21 300 22 258 
1 106 20 315 59 195 
5 1 67 42 
6 213 10 287 80 122 
3 42 20 148 
19 57 

22 103 35 276 42 233 63 221 
7 393 20 111 23 210 89 335 91 16 
16 320 33 146 53 211 74 152 84 397 
17 477 
5 178 34 249 48 231 
23 426 30 142 41 357 53 424 67 228 92 501 
59 189 
0 362 94 269 
3 67 34 119 47 348 
3 417 7 122 8 233 25 196 56 434 
8 156 16 253 63 293 82 97 84 106 86 303 91 458 96 185 
3 138 57 374 
77 495 
37 13 
11 338 14 24 
18 255 36 5 55 23 65 173 69 152 
7 192 17 442 18 122 45 365 75 423 
23 129 48 444 
50 417 58 49 78 92 95 333 
11 182 97 176 
67 464 90 480 
61 415 
3 194 28 193 66 156 
22 276 36 150 41 480 82 20 
13 34 57 349 
20 20 72 103 90 64 
39 95 44 308 52 387 
5 93 98 337 
16 236 88 328 
69 481 
8 456 24 453 50 488 
13 236 31 432 43 423 46 266 54 134 87 251 
17 472 99 274 
34 161 49 48 94 316 
5 286 7 167 27 413 55 104 84 164 
7 116 56 221 61 411 
14 47 42 441 46 91 
75 200 
16 278 
23 222 54 366 
62 116 
11 302 59 258 
12 230 66 464 
18 337 80 474 83 310 94 72 
5 352 25 235 38 344 54 91 77 13 
23 73 40 179 
29 141 51 154 59 36 77 253 99 248 
13 294 15 249 25 19 89 18 
28 20 51 51 61 41 
23 76 38 415 49 136 77 223 
56 255 72 221 99 277 
43 216 44 153 87 141 
18 2 82 159 90 238 
24 129 72 27 
5 142 14 93 55 186 90 476 
18 250 24 400 51 187 68 422 70 388 
74 73 91 445 
19 159 48 60 66 447 80 393 
53 178 98 233 98 368 
29 61 36 203 62 234 79 341 
3 409 62 386 80 32 
15 51 45 351 
33 352 54 400 77 450 87 180 
55 243 
18 460 22 460 56 101 69 7 89 146 
8 101 47 183 54 11 87 110 
5 332 48 454 85 451 90 256 97 128 
3 53 84 32 
0 326 
6 427 62 43 67 279 
57 437 58 46 76 20 82 57 
28 419 29 491 30 498 48 112 52 490 60 303 
14 305 21 323 
7 345 42 466 75 415 97 178 
38 297 54 374 72 493 
8 297 38 130 93 168 
3 220 91 450 
49 458 64 404 67 277 90 296 
11 298 18 423 
80 375 90 118 
82 243 85 391 
61 380 
15 240 42 265 66 165 
8 191 11 157 12 435 24 197 27 81 80 321 
1 462 84 282 86 60 
0 119 12 122 24 426 
12 162 16 327 76 285 78 40 
18 57 25 250 72 301 83 78 
12 187 84 43 
26 267 37 509 
40 137 42 204 
39 87 61 446 
7 101 19 369 54 291 74 460 93 433 
37 153 70 78 90 100 
1 6 
5 200 41 406 61 452 65 145 
13 314 78 407 
87 400 
62 394 81 335 

10 311 12 0 55 364 67 75 73 9 92 57 
25 114 37 322 88 37 
6 334 28 489 29 359 35 37 65 404 
79 384 
23 137 35 311 39 132 44 274 73 433 
5 183 
34 454 93 235 
15 380 
38 316 
11 245 50 324 59 42 95 65 97 18 
7 166 51 373 
21 23 68 371 77 501 
24 112 50 198 51 110 
10 24 73 404 74 171 75 276 
1 404 4 307 
11 266 72 166 
12 43 24 47 
18 203 23 381 68 91 84 308 

14 234 91 506 
2 189 29 211 
8 490 32 263 59 428 79 356 
21 479 40 14 59 471 65 111 99 476 
81 3 
8 396 36 85 
9 475 13 439 53 489 
28 215 49 333 69 472 75 149 76 95 
44 281 54 149 75 380 
10 263 18 396 24 384 73 231 
18 61 70 226 
4 384 20 254 30 75 82 110 95 309 
4 2 18 34 57 182 86 498 
62 414 
11 63 24 257 84 210 
45 139 46 71 49 84 93 52 
5 201 47 412 
9 160 15 285 
33 10 59 252 81 438 
26 119 
10 366 72 391 87 297 90 258 
27 273 28 17 40 25 66 472 
53 354 69 506 93 58 
36 61 56 364 
69 81 88 420 
0 147 3 153 48 293 79 291 
33 196 37 350 46 328 71 272 
18 341 42 351 93 167 
0 332 9 251 17 323 
59 389 

40 125 83 192 
19 219 
15 58 49 480 74 128 
25 161 33 424 38 280 86 46 
18 283 
22 148 71 96 86 166 
57 97 
14 73 14 257 59 494 61 502 
12 422 25 322 40 477 80 292 
40 473 93 114 
10 303 62 257 67 51 94 64 
52 497 96 27 
24 320 29 310 
1 68 30 395 45 468 
61 52 
9 485 20 11 25 61 30 362 34 374 54 138 97 64 
6 153 26 233 33 55 52 407 
37 477 38 28 
23 340 40 498 79 129 
41 257 59 6 
57 166 
25 99 65 244 
27 237 53 265 72 183 75 463 
35 341 66 152 
13 339 71 258 90 108 
84 272 
12 312 50 333 
51 293 
47 485 72 278 89 107 98 229 
37 417 
15 468 34 289 43 125 46 212 
3 389 33 161 89 319 
24 388 29 270 34 279 46 261 
70 490 80 480 94 333 
18 115 26 306 27 44 47 381 75 456 
42 94 43 434 61 120 

4 69 10 40 
16 211 58 401 63 19 94 303 
38 74 43 108 54 194 57 179 63 452 85 387 
46 417 63 476 96 305 
57 48 83 211 
31 253 
34 460 89 464 
2 270 27 157 
30 317 63 296 84 20 
16 264 
56 4 64 272 
29 437 44 348 64 211 
45 404 
39 472 73 406 81 168 94 55 
32 412 61 366 
4 366 62 166 67 271 90 461 
14 117 62 420 79 225 
67 415 92 82 
4 454 
9 386 10 383 19 83 88 39 
31 355 
22 404 68 8 
13 244 70 218 
40 199 43 76 85 14 98 171 
2 278 43 267 79 388 86 355 
9 105 22 418 56 256 
1 178 61 68 69 25 71 211 
9 360 11 74 
49 218 82 2 
12 358 15 34 70 47 92 398 
56 141 61 84 
4 46 19 318 38 195 52 48 
29 145 54 230 
33 228 90 411 
2 34 38 380 
19 13 81 262 89 157 
33 476 51 272 
41 25 45 37 65 75 66 481 
37 292 88 63 88 241 
56 274 94 217 99 44 
12 260 57 397 76 0 96 348 
15 400 19 158 23 58 59 27 
21 459 31 76 68 334 
16 386 47 12 53 7 82 73 
12 46 13 267 67 301 67 323 
11 410 
6 286 35 171 52 6 76 3 
53 402 

6 187 24 195 65 381 
17 319 27 395 31 204 84 314 
14 46 52 24 62 279 67 187 
76 34 90 150 
15 452 65 72 
89 381 92 477 
3 478 47 479 58 124 
20 279 33 289 63 30 63 187 
28 390 49 487 
6 157 15 194 19 335 
1 58 18 62 79 238 
57 142 77 479 
24 316 67 283 
35 286 51 97 93 81 
2 252 77 378 
51 140 74 484 76 430 
51 375 77 149 94 179 98 202 
24 129 72 27 
21 374 35 93 54 262 
94 7 
25 258 51 228 84 277 
25 401 53 517 87 66 99 236 
23 231 24 216 39 83 
24 126 51 472 
27 43 55 485 96 322 
13 513 50 279 
13 420 47 321 
72 281 81 239 91 118 
13 83 45 219 
24 341 50 158 52 471 
51 370 53 11 
27 71 56 401 63 269 64 412 
14 350 49 389 51 183 
16 187 
49 39 
1 470 22 487 26 92 60 146 
37 300 
39 41 57 208 66 22 85 251 
13 121 32 51 41 101 44 352 69 311 98 273 
11 270 85 3 
67 306 
14 97 37 69 39 161 87 313 
52 405 72 418 91 132 
76 270 76 379 
23 451 
19 76 
28 9 59 422 87 447 96 198 
24 424 32 178 45 232 
55 106 
39 165 67 274 77 93 94 12 97 272 
7 341 49 310 91 161 
45 298 96 144 97 207 
20 224 
6 239 45 228 46 225 56 445 
39 169 42 315 93 21 94 157 95 106 

17 38 74 332 90 306 
4 362 26 389 39 140 72 379 80 402 
59 386 63 345 

40 443 64 63 68 418 85 327 
33 352 54 400 77 450 87 180 
40 439 81 114 
33 327 76 438 98 287 
37 105 82 28 
1 93 7 425 32 301 37 399 
5 49 66 355 74 140 
27 43 55 485 96 322 
25 216 57 86 
43 304 87 103 
35 503 51 403 72 328 80 12 
4 388 
19 489 99 416 
0 304 
77 185 93 205 
15 458 97 465 
4 140 23 418 26 410 52 90 78 483 
42 44 64 368 73 365 
16 94 46 8 86 458 
26 183 42 263 62 468 99 406 
0 466 51 297 59 376 67 101 
99 389 
49 126 52 144 
14 122 15 464 21 95 
28 46 37 499 51 94 56 8 
78 109 93 165 
42 188 64 125 64 431 
33 361 77 304 
65 21 
10 232 88 360 
18 268 
2 378 7 83 69 206 97 140 
38 24 68 384 81 87 
88 256 
6 280 67 417 
14 299 50 329 76 17 
19 57 
73 96 
7 406 31 254 41 310 57 481 
73 349 96 300 
14 194 14 335 38 71 67 354 68 306 76 81 
13 345 
74 209 92 196 
19 262 81 321 
73 164 90 312 
17 458 82 287 94 361 
55 34 
6 469 80 419 
4 178 50 182 
4 16 23 297 68 234 96 201 
10 278 36 478 78 317 
2 207 32 364 55 340 98 66 
16 306 37 437 54 166 
27 198 84 360 94 396 
16 207 60 212 75 334 90 156 
38 359 79 452 
59 299 68 63 
45 246 90 445 
68 65 
2 205 48 117 63 115 98 262 
7 57 59 52 79 421 88 221 
83 96 84 404 
0 71 
43 152 77 192 
9 366 40 259 46 198 
34 461 41 388 51 76 
50 40 
20 304 33 359 41 39 
24 97 74 183 77 243 81 95 
41 120 57 388 59 181 90 385 
35 247 40 44 65 259 67 113 
66 411 72 108 
9 76 24 278 63 228 69 50 
26 174 61 209 
48 432 51 16 65 99 88 315 96 77 
71 305 85 401 88 435 
23 52 32 30 75 371 
52 282 
29 59 47 311 51 342 73 257 
22 277 36 435 43 56 47 185 73 133 77 139 
17 27 59 48 64 93 
26 140 43 330 55 181 
25 16 41 232 
5 224 
18 267 

1 226 
63 199 80 52 95 362 
12 211 21 475 26 244 40 59 94 209 

39 169 42 315 93 21 94 157 95 106 
71 146 75 250 
81 25 
24 362 52 336 56 382 72 260 
25 375 52 107 75 181 

48 22 53 526 79 302 
4 428 50 227 
6 181 33 226 
11 9 55 183 55 204 

0 299 1 400 15 113 45 405 
23 385 28 14 54 186 56 355 
7 145 11 499 59 315 60 478 
9 342 14 167 40 227 
30 222 65 2 
72 113 75 388 83 387 90 415 
12 264 31 317 56 264 81 387 
88 67 
50 455 60 438 65 227 
56 343 60 376 89 3 92 153 
0 329 31 305 
11 279 12 140 45 390 59 464 72 338 
4 221 6 424 14 276 72 297 
63 361 72 405 92 112 

9 41 51 338 53 58 92 166 
5 350 47 304 54 55 60 430 
45 411 58 254 

15 223 77 51 91 316 
0 381 12 446 14 374 25 415 32 181 36 329 48 318 76 157 92 319 
30 302 89 200 91 217 91 452 
6 130 12 254 45 407 68 155 91 206 99 15 
71 67 81 475 
23 184 56 120 59 86 77 469 89 40 
4 199 27 433 44 453 78 294 
32 212 69 396 84 378 88 476 
33 63 88 465 
2 415 41 407 94 449 
0 39 22 93 38 197 56 405 
14 245 35 391 
28 237 45 293 52 58 86 40 
8 87 33 183 47 445 74 431 
36 366 
11 218 22 456 
3 75 26 154 
63 339 
1 393 23 377 60 195 97 28 
21 388 49 472 64 1 79 473 96 331 
61 262 67 265 98 303 
29 170 44 291 
85 107 97 115 
9 206 13 3 
17 57 24 104 91 283 
69 159 77 422 89 424 
9 223 28 366 74 184 
16 474 18 371 59 70 67 59 80 93 92 297 95 7 
12 304 55 166 88 284 
4 343 6 34 47 146 88 287 
12 228 20 259 20 443 
7 182 57 401 
56 397 62 64 
1 99 34 372 
35 140 51 324 
44 489 92 289 
31 372 35 308 48 247 92 54 
0 352 26 15 28 515 67 192 
11 38 59 17 60 204 
48 329 
74 314 
11 75 46 157 55 390 
28 121 69 289 77 172 
45 140 
38 267 86 402 

30 21 36 416 55 422 94 394 
2 280 50 72 60 263 99 437 
32 236 50 351 91 249 
78 478 79 403 
16 454 
18 5 48 192 
20 320 78 19 79 196 
0 109 53 454 61 407 93 219 
16 370 35 461 49 467 62 30 71 286 
37 91 37 420 39 452 93 323 
45 241 61 105 
13 294 15 249 25 19 89 18 
33 470 35 352 40 338 51 376 
98 19 
18 51 82 46 85 277 88 320 
23 98 24 367 29 360 49 130 91 367 
18 342 18 352 43 375 
31 422 41 505 79 320 
9 319 19 334 62 24 
16 441 49 113 53 394 87 340 
49 286 70 245 70 463 73 261 91 72 
50 190 82 425 
13 340 30 47 
78 82 88 278 88 338 
89 212 
39 343 48 338 49 23 
3 114 7 152 29 420 32 227 39 328 
13 479 68 448 
34 337 46 201 58 273 81 401 
12 144 38 254 59 167 67 234 
6 83 12 334 23 180 45 106 
30 62 32 206 51 378 
68 294 
44 195 
62 142 
49 350 53 471 
24 144 35 232 87 53 
12 51 21 261 38 201 54 349 
99 403 
24 360 40 210 45 333 
11 192 28 407 95 219 
38 421 
66 173 69 166 
7 43 43 485 70 319 
10 441 19 445 99 349 
7 28 38 171 66 188 72 364 
6 460 13 306 25 38 56 229 
28 369 
14 466 26 230 77 43 80 310 96 53 
26 302 41 474 54 212 
50 258 73 279 
44 19 64 225 75 81 
30 39 53 468 
0 107 34 110 95 379 99 291 
27 383 43 129 67 137 89 339 
8 438 42 401 51 166 
15 174 23 107 66 140 80 102 
8 276 41 307 44 46 79 378 94 3 
73 194 77 157 98 113 
20 241 28 310 
6 222 52 157 
75 278 93 395 

20 189 62 38 77 289 
6 456 9 230 
15 425 25 485 63 104 

87 370 
13 42 72 282 94 18 
22 154 31 309 32 371 
14 32 
28 419 29 491 30 498 48 112 52 490 60 303 
9 102 47 81 59 78 
69 481 
61 233 83 316 
53 416 
29 147 67 12 
5 466 29 7 35 244 
53 418 
41 346 98 346 98 358 
91 269 
32 242 92 138 
17 332 45 422 80 16 89 209 
24 101 24 151 
27 307 62 145 84 302 
2 77 30 150 51 369 62 172 67 261 70 8 
4 362 26 389 39 140 72 379 80 402 
43 158 48 412 78 395 96 391 
3 86 7 308 25 234 37 493 70 374 
16 163 91 14 96 487 
11 266 72 166 
12 388 50 242 65 395 
28 429 66 448 94 35 
78 3 96 293 
4 197 
72 458 76 431 91 170 
51 318 60 12 76 277 93 301 98 25 
36 282 48 125 54 3 80 355 
53 92 
31 282 52 443 62 207 64 298 
24 429 46 300 46 416 83 207 
3 150 45 240 60 273 79 195 
28 267 47 58 60 43 84 341 98 134 
14 190 
9 173 20 103 89 56 
0 399 8 216 
2 443 17 260 36 109 41 207 
3 478 47 479 58 124 
20 231 74 362 90 413 
4 378 35 158 48 307 68 311 
14 197 38 89 
27 460 83 366 99 486 

42 418 57 351 80 61 86 200 
19 290 62 339 68 502 80 268 
71 517 
22 328 58 346 62 367 73 129 
